001000000000
000000100110
000011101010
110000000111
001011101000
110001001101
110000100011
110011000001
001010001000
110000101111
001010101100
000010001010
000011100110
001000001110
000011000000
111000101111
111000100011
110010100111
001001100100
111001000011
001000100100
111001100001
000010100010
111000100001
000000001100
111010101001
000010001100
111011001111
001001101110
000010100000
001010100110
000010100100
001011000010
110011001101
110000101111
000010100010
001000100110
000000000010
111011000001
001000001100
001000100100
000000001100
000000100000
001000001000
000001000110
110010101011
110010100011
110011101111
000010000100
110001100011
