750119, 750121
750131, 750133
750161, 750163
750311, 750313
750719, 750721
751139, 751141
751181, 751183
751319, 751321
751631, 751633
752201, 752203
752291, 752293
752447, 752449
752681, 752683
752699, 752701
752819, 752821
752831, 752833
753437, 753439
753461, 753463
753497, 753499
753587, 753589
753617, 753619
753677, 753679
753689, 753691
753719, 753721
754109, 754111
754121, 754123
754181, 754183
754379, 754381
754709, 754711
754937, 754939
754967, 754969
754979, 754981
754991, 754993
755171, 755173
755309, 755311
755399, 755401
755567, 755569
755717, 755719
755789, 755791
755861, 755863
756251, 756253
756419, 756421
757109, 757111
757241, 757243
757577, 757579
757709, 757711
757751, 757753
758099, 758101
758201, 758203
758267, 758269
758339, 758341
758501, 758503
758519, 758521
758711, 758713
758729, 758731
758741, 758743
758969, 758971
759179, 759181
759431, 759433
759557, 759559
759569, 759571
759797, 759799
759959, 759961
760229, 760231
760619, 760621
760841, 760843
761177, 761179
761249, 761251
761261, 761263
761441, 761443
761531, 761533
761669, 761671
761711, 761713
761777, 761779
761807, 761809
761861, 761863
762239, 762241
762371, 762373
762407, 762409
762821, 762823
762899, 762901
762917, 762919
763157, 763159
763619, 763621
763751, 763753
764051, 764053
764249, 764251
764339, 764341
764591, 764593
764627, 764629
764717, 764719
764837, 764839
764891, 764893
764969, 764971
765041, 765043
765137, 765139
765209, 765211
765227, 765229
765437, 765439
765857, 765859
766109, 766111
766229, 766231
766541, 766543
766637, 766639
766811, 766813
766937, 766939
767321, 767323
767357, 767359
767537, 767539
767549, 767551
767747, 767749
767759, 767761
767867, 767869
768167, 768169
768191, 768193
768197, 768199
768371, 768373
768629, 768631
768641, 768643
768851, 768853
769259, 769261
769421, 769423
769541, 769543
769577, 769579
769589, 769591
769661, 769663
769961, 769963
769997, 769999
770039, 770041
770057, 770059
770111, 770113
770177, 770179
770309, 770311
770447, 770449
770639, 770641
770837, 770839
770927, 770929
771011, 771013
771047, 771049
771179, 771181
771299, 771301
771401, 771403
771437, 771439
771887, 771889
771971, 771973
772001, 772003
772229, 772231
772379, 772381
772391, 772393
772439, 772441
772571, 772573
772661, 772663
772907, 772909
773021, 773023
773027, 773029
773081, 773083
773207, 773209
773249, 773251
773567, 773569
773609, 773611
773657, 773659
773681, 773683
773777, 773779
773867, 773869
773951, 773953
773987, 773989
773999, 774001
774071, 774073
774131, 774133
774797, 774799
774929, 774931
775361, 775363
775601, 775603
775739, 775741
775937, 775939
776057, 776059
776117, 776119
776177, 776179
776219, 776221
776561, 776563
777011, 777013
777167, 777169
777389, 777391
777419, 777421
777431, 777433
777617, 777619
777641, 777643
777857, 777859
777977, 777979
778049, 778051
778079, 778081
778109, 778111
778121, 778123
778361, 778363
778511, 778513
778697, 778699
778871, 778873
779327, 779329
779351, 779353
779561, 779563
779591, 779593
779657, 779659
779747, 779749
779981, 779983
780047, 780049
780191, 780193
780719, 780721
780851, 780853
780887, 780889
780971, 780973
781127, 781129
781307, 781309
781367, 781369
781397, 781399
781481, 781483
781511, 781513
781631, 781633
781799, 781801
781817, 781819
781967, 781969
781997, 781999
782009, 782011
782147, 782149
782189, 782191
782387, 782389
782669, 782671
782687, 782689
782981, 782983
783119, 783121
783149, 783151
783191, 783193
783257, 783259
783359, 783361
783527, 783529
783569, 783571
783689, 783691
783701, 783703
783719, 783721
783779, 783781
783791, 783793
784181, 784183
784211, 784213
784307, 784309
784349, 784351
784409, 784411
784541, 784543
785219, 785221
785459, 785461
785501, 785503
785777, 785779
785801, 785803
785921, 785923
786059, 786061
786431, 786433
786551, 786553
786587, 786589
786659, 786661
786701, 786703
786887, 786889
787067, 787069
787331, 787333
787427, 787429
787517, 787519
787769, 787771
788087, 788089
788351, 788353
788561, 788563
788867, 788869
788999, 789001
789029, 789031
789389, 789391
789491, 789493
789587, 789589
789671, 789673
789959, 789961
789977, 789979
790169, 790171
790199, 790201
790289, 790291
790331, 790333
790649, 790651
790817, 790819
790967, 790969
791309, 791311
791561, 791563
791627, 791629
791801, 791803
791849, 791851
791897, 791899
791927, 791929
791969, 791971
792107, 792109
792227, 792229
792299, 792301
792479, 792481
792551, 792553
792641, 792643
792689, 792691
792989, 792991
793187, 793189
793487, 793489
793517, 793519
793787, 793789
793841, 793843
793979, 793981
794009, 794011
794039, 794041
794111, 794113
794201, 794203
794471, 794473
794657, 794659
794741, 794743
794879, 794881
794921, 794923
794999, 795001
795077, 795079
795101, 795103
795251, 795253
795647, 795649
795659, 795661
795761, 795763
795791, 795793
795797, 795799
795827, 795829
795941, 795943
796139, 796141
796337, 796339
796361, 796363
796709, 796711
796799, 796801
796847, 796849
796931, 796933
796967, 796969
797051, 797053
797309, 797311
797507, 797509
797549, 797551
797567, 797569
797579, 797581
797591, 797593
798197, 798199
798221, 798223
798647, 798649
799061, 799063
799091, 799093
799217, 799219
799301, 799303
799361, 799363
799481, 799483
799619, 799621
799739, 799741
799991, 799993
800117, 800119
800159, 800161
800417, 800419
800519, 800521
800537, 800539
800621, 800623
800729, 800731
800741, 800743
800999, 801001
801077, 801079
801419, 801421
801569, 801571
801707, 801709
801809, 801811
801947, 801949
802127, 802129
802181, 802183
802649, 802651
802829, 802831
803057, 803059
803441, 803443
803447, 803449
803609, 803611
803729, 803731
803987, 803989
804281, 804283
804521, 804523
804611, 804613
804941, 804943
805031, 805033
805097, 805099
805109, 805111
805331, 805333
805499, 805501
806009, 806011
806261, 806263
806369, 806371
806381, 806383
806579, 806581
806789, 806791
807407, 807409
807491, 807493
807509, 807511
807731, 807733
807869, 807871
807941, 807943
808019, 808021
808307, 808309
808349, 808351
808361, 808363
808439, 808441
808601, 808603
808679, 808681
808991, 808993
809141, 809143
809201, 809203
809357, 809359
809399, 809401
809579, 809581
809747, 809749
809801, 809803
809981, 809983
810149, 810151
810191, 810193
810377, 810379
810389, 810391
810539, 810541
810581, 810583
811037, 811039
811649, 811651
811931, 811933
812297, 812299
812351, 812353
812501, 812503
812597, 812599
812639, 812641
812699, 812701
812759, 812761
813089, 813091
813299, 813301
814061, 814063
814067, 814069
814127, 814129
814211, 814213
814241, 814243
814379, 814381
814577, 814579
814601, 814603
814631, 814633
814901, 814903
814937, 814939
815411, 815413
815621, 815623
815669, 815671
815819, 815821
816131, 816133
816161, 816163
816587, 816589
816689, 816691
816839, 816841
816857, 816859
816917, 816919
817049, 817051
817151, 817153
817277, 817279
817319, 817321
817709, 817711
817721, 817723
817889, 817891
818099, 818101
818171, 818173
818339, 818341
818579, 818581
818687, 818689
818819, 818821
818999, 819001
819029, 819031
819239, 819241
819251, 819253
819317, 819319
819389, 819391
819407, 819409
819491, 819493
819617, 819619
819737, 819739
819827, 819829
819911, 819913
819989, 819991
820241, 820243
820271, 820273
820319, 820321
820331, 820333
820409, 820411
820427, 820429
820679, 820681
820907, 820909
821099, 821101
821207, 821209
821459, 821461
821477, 821479
821801, 821803
821939, 821941
822011, 822013
822161, 822163
822167, 822169
822221, 822223
822389, 822391
822431, 822433
822539, 822541
822551, 822553
822587, 822589
822671, 822673
822761, 822763
822791, 822793
822821, 822823
822881, 822883
822971, 822973
823001, 823003
823127, 823129
823241, 823243
823349, 823351
823481, 823483
823619, 823621
823721, 823723
823727, 823729
823787, 823789
823829, 823831
823841, 823843
823967, 823969
824189, 824191
824231, 824233
824399, 824401
824669, 824671
824699, 824701
824777, 824779
824981, 824983
825047, 825049
825107, 825109
825191, 825193
825281, 825283
825551, 825553
825611, 825613
825827, 825829
825959, 825961
826037, 826039
826151, 826153
826169, 826171
826349, 826351
826379, 826381
826391, 826393
826559, 826561
826667, 826669
826697, 826699
827039, 827041
827129, 827131
827537, 827539
827927, 827929
827987, 827989
828011, 828013
828131, 828133
828407, 828409
828701, 828703
828809, 828811
828899, 828901
829121, 829123
829637, 829639
829721, 829723
829727, 829729
829811, 829813
829847, 829849
830309, 830311
830327, 830329
830339, 830341
830411, 830413
830447, 830449
830549, 830551
830741, 830743
831071, 831073
831161, 831163
831371, 831373
831407, 831409
831431, 831433
831539, 831541
831617, 831619
831659, 831661
831707, 831709
831911, 831913
832079, 832081
832121, 832123
832157, 832159
832367, 832369
832631, 832633
832679, 832681
833099, 833101
833177, 833179
833477, 833479
833711, 833713
833717, 833719
834131, 834133
834149, 834151
834257, 834259
834569, 834571
834641, 834643
834809, 834811
834857, 834859
834947, 834949
834959, 834961
835097, 835099
835139, 835141
835319, 835321
835451, 835453
835607, 835609
835661, 835663
835817, 835819
836159, 836161
836189, 836191
836567, 836569
836609, 836611
836699, 836701
836747, 836749
836861, 836863
836879, 836881
837071, 837073
837077, 837079
837377, 837379
837677, 837679
837929, 837931
838037, 838039
838091, 838093
838139, 838141
838169, 838171
838247, 838249
838349, 838351
838391, 838393
838631, 838633
838769, 838771
838949, 838951
838991, 838993
839351, 839353
839471, 839473
839609, 839611
839651, 839653
839897, 839899
839957, 839959
840137, 840139
840179, 840181
840239, 840241
840821, 840823
840839, 840841
840941, 840943
840989, 840991
841019, 841021
841079, 841081
841457, 841459
841661, 841663
841931, 841933
842087, 842089
842111, 842113
842159, 842161
842291, 842293
842321, 842323
842339, 842341
842351, 842353
842417, 842419
842447, 842449
842519, 842521
843179, 843181
843209, 843211
843299, 843301
843377, 843379
843587, 843589
843677, 843679
843779, 843781
843881, 843883
844139, 844141
844199, 844201
844427, 844429
844511, 844513
844601, 844603
844619, 844621
844769, 844771
845489, 845491
845657, 845659
845879, 845881
845981, 845983
845987, 845989
846059, 846061
846341, 846343
846359, 846361
846401, 846403
846749, 846751
846869, 846871
846917, 846919
847277, 847279
847727, 847729
847787, 847789
847967, 847969
847991, 847993
848201, 848203
848591, 848593
848789, 848791
848849, 848851
848921, 848923
849047, 849049
849221, 849223
849347, 849349
849599, 849601
849701, 849703
849731, 849733
850061, 850063
850271, 850273
850301, 850303
850349, 850351
851801, 851803
852011, 852013
852149, 852151
852197, 852199
852287, 852289
852557, 852559
852581, 852583
852671, 852673
852749, 852751
852827, 852829
853031, 853033
853187, 853189
853289, 853291
853427, 853429
853667, 853669
853901, 853903
854039, 854041
854351, 854353
854417, 854419
854459, 854461
854897, 854899
854921, 854923
854927, 854929
855059, 855061
855269, 855271
855719, 855721
855731, 855733
855737, 855739
855887, 855889
856277, 856279
856391, 856393
856547, 856549
856697, 856699
856787, 856789
856811, 856813
856901, 856903
857009, 857011
857027, 857029
857081, 857083
857201, 857203
857567, 857569
857579, 857581
857669, 857671
857711, 857713
857741, 857743
857951, 857953
857957, 857959
858101, 858103
858239, 858241
858707, 858709
859049, 859051
859091, 859093
859277, 859279
859361, 859363
859559, 859561
859601, 859603
859667, 859669
859679, 859681
859799, 859801
860009, 860011
860087, 860089
860309, 860311
860381, 860383
860579, 860581
860789, 860791
860927, 860929
860939, 860941
860969, 860971
861437, 861439
861491, 861493
861701, 861703
861797, 861799
861899, 861901
861977, 861979
862031, 862033
862157, 862159
862229, 862231
862259, 862261
862397, 862399
862481, 862483
862571, 862573
862649, 862651
862907, 862909
862919, 862921
863537, 863539
863801, 863803
863867, 863869
863897, 863899
864011, 864013
864047, 864049
864077, 864079
864119, 864121
864167, 864169
864221, 864223
864299, 864301
864359, 864361
864509, 864511
864581, 864583
864629, 864631
865001, 865003
865211, 865213
865259, 865261
865481, 865483
865637, 865639
865769, 865771
865817, 865819
866009, 866011
866051, 866053
866081, 866083
866309, 866311
866639, 866641
866849, 866851
867257, 867259
867509, 867511
867617, 867619
867677, 867679
867827, 867829
868121, 868123
868379, 868381
868451, 868453
868487, 868489
868529, 868531
868559, 868561
868739, 868741
868799, 868801
868937, 868939
868997, 868999
869249, 869251
869291, 869293
869369, 869371
869597, 869599
869777, 869779
869807, 869809
870047, 870049
870239, 870241
870431, 870433
870641, 870643
870809, 870811
870929, 870931
871229, 871231
871679, 871681
872141, 872143
872159, 872161
872351, 872353
872381, 872383
872477, 872479
872561, 872563
872609, 872611
872621, 872623
872657, 872659
872747, 872749
872789, 872791
872951, 872953
873317, 873319
873419, 873421
873461, 873463
873527, 873529
873539, 873541
873569, 873571
873617, 873619
873641, 873643
873707, 873709
873989, 873991
874301, 874303
874457, 874459
874637, 874639
874721, 874723
874889, 874891
875261, 875263
875267, 875269
875297, 875299
875339, 875341
875417, 875419
875519, 875521
875591, 875593
875627, 875629
875681, 875683
875759, 875761
875981, 875983
876011, 876013
876017, 876019
876077, 876079
876191, 876193
876329, 876331
876371, 876373
876431, 876433
876479, 876481
876719, 876721
876749, 876751
876851, 876853
877109, 877111
877397, 877399
877619, 877621
877871, 877873
877907, 877909
877937, 877939
878021, 878023
878039, 878041
878411, 878413
878831, 878833
878987, 878989
879167, 879169
879269, 879271
879341, 879343
879581, 879583
879689, 879691
879707, 879709
879797, 879799
879917, 879919
880067, 880069
880151, 880153
880247, 880249
880301, 880303
880421, 880423
880541, 880543
880571, 880573
880727, 880729
880799, 880801
880907, 880909
880949, 880951
881141, 881143
881171, 881173
881471, 881473
881477, 881479
881537, 881539
881897, 881899
882017, 882019
882029, 882031
882239, 882241
882251, 882253
882389, 882391
882449, 882451
882701, 882703
882881, 882883
883109, 883111
883229, 883231
883247, 883249
883409, 883411
883577, 883579
883697, 883699
883781, 883783
884129, 884131
884267, 884269
884309, 884311
884369, 884371
884489, 884491
884591, 884593
884789, 884791
885161, 885163
885551, 885553
885791, 885793
885821, 885823
885881, 885883
885959, 885961
886019, 886021
886181, 886183
886241, 886243
886337, 886339
886427, 886429
886469, 886471
886517, 886519
886547, 886549
886607, 886609
886967, 886969
886979, 886981
887057, 887059
887141, 887143
887267, 887269
887399, 887401
887567, 887569
887657, 887659
887669, 887671
887837, 887839
887921, 887923
887987, 887989
888059, 888061
888161, 888163
888359, 888361
888659, 888661
888689, 888691
888779, 888781
888869, 888871
888917, 888919
888959, 888961
889037, 889039
889349, 889351
889697, 889699
889871, 889873
889877, 889879
889907, 889909
890117, 890119
890159, 890161
890861, 890863
890999, 891001
891047, 891049
891101, 891103
891377, 891379
891389, 891391
891491, 891493
891521, 891523
891557, 891559
891659, 891661
891677, 891679
891797, 891799
891827, 891829
891887, 891889
892091, 892093
892781, 892783
893117, 893119
893147, 893149
893339, 893341
893381, 893383
894137, 894139
894191, 894193
894209, 894211
894407, 894409
894449, 894451
894611, 894613
894791, 894793
894869, 894871
895007, 895009
895049, 895051
895157, 895159
895241, 895243
895421, 895423
895469, 895471
895649, 895651
895667, 895669
895787, 895789
895799, 895801
895901, 895903
896111, 896113
896297, 896299
896447, 896449
896717, 896719
897101, 897103
897269, 897271
897317, 897319
897467, 897469
897497, 897499
897647, 897649
897707, 897709
897779, 897781
898067, 898069
898211, 898213
898241, 898243
898421, 898423
898481, 898483
898661, 898663
899159, 899161
899177, 899179
899849, 899851
899891, 899893
900089, 900091
900329, 900331
900551, 900553
900587, 900589
900671, 900673
900761, 900763
900929, 900931
900971, 900973
901007, 901009
901169, 901171
901211, 901213
901247, 901249
901427, 901429
901499, 901501
901739, 901741
901907, 901909
902087, 902089
902261, 902263
902597, 902599
903389, 903391
903449, 903451
904067, 904069
904217, 904219
904511, 904513
904661, 904663
904679, 904681
904901, 904903
904931, 904933
904997, 904999
905207, 905209
905297, 905299
905759, 905761
906011, 906013
906119, 906121
906329, 906331
906539, 906541
906749, 906751
906929, 906931
907019, 907021
907139, 907141
907211, 907213
907367, 907369
907391, 907393
907397, 907399
907469, 907471
907691, 907693
907757, 907759
907811, 907813
907967, 907969
907997, 907999
908417, 908419
908489, 908491
908669, 908671
908819, 908821
908849, 908851
908861, 908863
908879, 908881
908909, 908911
909089, 909091
909239, 909241
909287, 909289
909299, 909301
909317, 909319
909329, 909331
909341, 909343
909539, 909541
909611, 909613
909899, 909901
909971, 909973
910097, 910099
910139, 910141
910199, 910201
910277, 910279
910451, 910453
910619, 910621
910709, 910711
911087, 911089
911159, 911161
911171, 911173
911231, 911233
911291, 911293
911357, 911359
911681, 911683
911837, 911839
911957, 911959
912047, 912049
912449, 912451
912467, 912469
912521, 912523
912647, 912649
912797, 912799
912851, 912853
912869, 912871
912971, 912973
913037, 913039
913571, 913573
913637, 913639
914189, 914191
914237, 914239
914357, 914359
914369, 914371
914519, 914521
914579, 914581
914609, 914611
914789, 914791
915197, 915199
915221, 915223
915251, 915253
915587, 915589
915611, 915613
915917, 915919
915947, 915949
916031, 916033
916127, 916129
916187, 916189
916217, 916219
916259, 916261
916337, 916339
916469, 916471
916649, 916651
916931, 916933
917039, 917041
917051, 917053
917237, 917239
917459, 917461
917591, 917593
917687, 917689
917771, 917773
918257, 918259
918431, 918433
918581, 918583
918677, 918679
918947, 918949
919019, 919021
919031, 919033
919109, 919111
919229, 919231
919349, 919351
919421, 919423
919691, 919693
919757, 919759
919901, 919903
919937, 919939
919949, 919951
920147, 920149
920201, 920203
920279, 920281
920441, 920443
920651, 920653
920741, 920743
920789, 920791
920999, 921001
921029, 921031
921197, 921199
921257, 921259
921407, 921409
921497, 921499
921749, 921751
921839, 921841
921887, 921889
921911, 921913
922037, 922039
922067, 922069
922079, 922081
922289, 922291
922331, 922333
922487, 922489
922511, 922513
922637, 922639
922679, 922681
922739, 922741
923051, 923053
923177, 923179
923201, 923203
923309, 923311
923369, 923371
923579, 923581
923849, 923851
924041, 924043
924281, 924283
924359, 924361
924401, 924403
924419, 924421
924527, 924529
924641, 924643
924659, 924661
924809, 924811
924827, 924829
925079, 925081
925271, 925273
925499, 925501
925577, 925579
925619, 925621
926087, 926089
926111, 926113
926129, 926131
926351, 926353
926657, 926659
926669, 926671
927629, 927631
928097, 928099
928139, 928141
928157, 928159
928271, 928273
928427, 928429
928469, 928471
928559, 928561
928619, 928621
928649, 928651
928769, 928771
928817, 928819
929009, 929011
929057, 929059
929207, 929209
929417, 929419
929627, 929629
929639, 929641
929741, 929743
929807, 929809
930071, 930073
930077, 930079
930197, 930199
930287, 930289
930467, 930469
930569, 930571
930617, 930619
930989, 930991
931127, 931129
931571, 931573
931727, 931729
931781, 931783
932117, 932119
932207, 932209
932219, 932221
932417, 932419
932471, 932473
932681, 932683
932801, 932803
932999, 933001
933059, 933061
933551, 933553
933809, 933811
933851, 933853
934049, 934051
934067, 934069
934487, 934489
934721, 934723
934889, 934891
934907, 934909
934979, 934981
935021, 935023
935147, 935149
935591, 935593
935651, 935653
935687, 935689
935717, 935719
936179, 936181
936281, 936283
936737, 936739
936917, 936919
937007, 937009
937031, 937033
937229, 937231
937241, 937243
937589, 937591
937637, 937639
937661, 937663
937679, 937681
937901, 937903
938051, 938053
938057, 938059
938879, 938881
938981, 938983
939089, 939091
939119, 939121
939179, 939181
939347, 939349
939359, 939361
939611, 939613
939737, 939739
939767, 939769
939791, 939793
939971, 939973
940001, 940003
940349, 940351
940529, 940531
940547, 940549
940781, 940783
941009, 941011
941117, 941119
941207, 941209
941249, 941251
941489, 941491
941669, 941671
942041, 942043
942167, 942169
942311, 942313
942437, 942439
942659, 942661
942857, 942859
942899, 942901
943079, 943081
943301, 943303
943541, 943543
943601, 943603
943781, 943783
943799, 943801
943841, 943843
944147, 944149
944261, 944263
944387, 944389
944429, 944431
944519, 944521
944561, 944563
944687, 944689
944729, 944731
944897, 944899
945209, 945211
945389, 945391
945479, 945481
945587, 945589
945629, 945631
945671, 945673
945731, 945733
945809, 945811
945881, 945883
945941, 945943
946079, 946081
946091, 946093
946109, 946111
946367, 946369
946487, 946489
946511, 946513
946661, 946663
946667, 946669
946859, 946861
947381, 947383
947411, 947413
947741, 947743
948089, 948091
948149, 948151
948401, 948403
948797, 948799
948971, 948973
949019, 949021
949211, 949213
949241, 949243
949439, 949441
949451, 949453
949607, 949609
949631, 949633
949649, 949651
949889, 949891
949937, 949939
950039, 950041
950177, 950179
950231, 950233
950459, 950461
950837, 950839
950867, 950869
951059, 951061
951089, 951091
951107, 951109
951281, 951283
951341, 951343
951581, 951583
951647, 951649
951941, 951943
952277, 952279
952379, 952381
952667, 952669
952739, 952741
952811, 952813
952979, 952981
953039, 953041
953501, 953503
953789, 953791
954131, 954133
954257, 954259
954377, 954379
954827, 954829
954851, 954853
954869, 954871
954971, 954973
954977, 954979
955037, 955039
955061, 955063
955091, 955093
955307, 955309
955439, 955441
955481, 955483
955709, 955711
955727, 955729
955937, 955939
955991, 955993
956399, 956401
956951, 956953
957041, 957043
957107, 957109
957431, 957433
957599, 957601
957641, 957643
957701, 957703
957821, 957823
958049, 958051
958121, 958123
958259, 958261
958367, 958369
958499, 958501
958541, 958543
958547, 958549
958667, 958669
958931, 958933
959207, 959209
959267, 959269
959471, 959473
959477, 959479
959867, 959869
960017, 960019
960119, 960121
960137, 960139
960329, 960331
960497, 960499
960521, 960523
960647, 960649
960989, 960991
961067, 961069
961097, 961099
961139, 961141
961157, 961159
961187, 961189
961241, 961243
961397, 961399
961451, 961453
961529, 961531
961547, 961549
961661, 961663
961811, 961813
961991, 961993
962009, 962011
962459, 962461
962669, 962671
962681, 962683
962789, 962791
962837, 962839
962867, 962869
962909, 962911
963239, 963241
963299, 963301
963341, 963343
963497, 963499
963689, 963691
963707, 963709
963761, 963763
963839, 963841
963899, 963901
964151, 964153
964217, 964219
964259, 964261
964499, 964501
964517, 964519
964967, 964969
965087, 965089
965177, 965179
965189, 965191
965399, 965401
965621, 965623
965777, 965779
966011, 966013
966209, 966211
966377, 966379
966617, 966619
966659, 966661
966869, 966871
967259, 967261
967319, 967321
967361, 967363
967427, 967429
967751, 967753
968111, 968113
968237, 968239
968501, 968503
968519, 968521
968729, 968731
968909, 968911
969179, 969181
969257, 969259
969341, 969343
969431, 969433
969677, 969679
969719, 969721
970061, 970063
970217, 970219
970259, 970261
970421, 970423
970787, 970789
970859, 970861
970967, 970969
970997, 970999
971027, 971029
971051, 971053
971141, 971143
971279, 971281
971387, 971389
971561, 971563
971651, 971653
972029, 972031
972119, 972121
972131, 972133
972161, 972163
972197, 972199
972227, 972229
972407, 972409
972611, 972613
972899, 972901
972941, 972943
973001, 973003
973031, 973033
973067, 973069
973277, 973279
973331, 973333
973409, 973411
973757, 973759
973787, 973789
974159, 974161
974177, 974179
974417, 974419
974537, 974539
974651, 974653
974711, 974713
974747, 974749
974819, 974821
974861, 974863
974957, 974959
974969, 974971
975257, 975259
975521, 975523
975551, 975553
975899, 975901
975941, 975943
976091, 976093
976301, 976303
976307, 976309
976559, 976561
976637, 976639
977021, 977023
977147, 977149
977357, 977359
977411, 977413
977591, 977593
977609, 977611
978071, 978073
978077, 978079
978149, 978151
978179, 978181
978347, 978349
978617, 978619
978797, 978799
978851, 978853
979061, 979063
979541, 979543
979919, 979921
980069, 980071
980489, 980491
980591, 980593
980687, 980689
980717, 980719
980729, 980731
980801, 980803
980897, 980899
980909, 980911
981137, 981139
981287, 981289
981437, 981439
981599, 981601
981809, 981811
981887, 981889
981947, 981949
982061, 982063
982097, 982099
982211, 982213
982271, 982273
982337, 982339
982571, 982573
982841, 982843
983327, 983329
983429, 983431
983441, 983443
983447, 983449
983531, 983533
983579, 983581
983699, 983701
983789, 983791
983861, 983863
984119, 984121
984299, 984301
984539, 984541
984701, 984703
984911, 984913
985277, 985279
985529, 985531
985781, 985783
985979, 985981
985991, 985993
986147, 986149
986189, 986191
986507, 986509
986567, 986569
986597, 986599
986717, 986719
986849, 986851
986927, 986929
986981, 986983
987191, 987193
987209, 987211
987911, 987913
988067, 988069
988109, 988111
988217, 988219
988319, 988321
988577, 988579
988649, 988651
988859, 988861
989171, 989173
989249, 989251
989321, 989323
989477, 989479
989579, 989581
989837, 989839
989999, 990001
990179, 990181
990287, 990289
990329, 990331
990359, 990361
990797, 990799
990887, 990889
991127, 991129
991427, 991429
991619, 991621
991871, 991873
991979, 991981
992021, 992023
992111, 992113
992267, 992269
992357, 992359
992861, 992863
993197, 993199
993479, 993481
993779, 993781
993821, 993823
994067, 994069
994181, 994183
994247, 994249
994307, 994309
994319, 994321
994337, 994339
994391, 994393
994559, 994561
994709, 994711
994811, 994813
995051, 995053
995117, 995119
995327, 995329
995339, 995341
995549, 995551
995591, 995593
995957, 995959
995987, 995989
996167, 996169
996209, 996211
996407, 996409
996599, 996601
996629, 996631
996647, 996649
996857, 996859
996881, 996883
997019, 997021
997097, 997099
997109, 997111
997121, 997123
997151, 997153
997307, 997309
997649, 997651
997739, 997741
997811, 997813
997877, 997879
997889, 997891
997961, 997963
998027, 998029
998069, 998071
998537, 998539
998651, 998653
998687, 998689
999329, 999331
999431, 999433
999611, 999613
999959, 999961
