3, 5
5, 7
11, 13
17, 19
29, 31
41, 43
59, 61
71, 73
101, 103
107, 109
137, 139
149, 151
179, 181
191, 193
197, 199
227, 229
239, 241
269, 271
281, 283
311, 313
347, 349
419, 421
431, 433
461, 463
521, 523
569, 571
599, 601
617, 619
641, 643
659, 661
809, 811
821, 823
827, 829
857, 859
881, 883
1019, 1021
1031, 1033
1049, 1051
1061, 1063
1091, 1093
1151, 1153
1229, 1231
1277, 1279
1289, 1291
1301, 1303
1319, 1321
1427, 1429
1451, 1453
1481, 1483
1487, 1489
1607, 1609
1619, 1621
1667, 1669
1697, 1699
1721, 1723
1787, 1789
1871, 1873
1877, 1879
1931, 1933
1949, 1951
1997, 1999
2027, 2029
2081, 2083
2087, 2089
2111, 2113
2129, 2131
2141, 2143
2237, 2239
2267, 2269
2309, 2311
2339, 2341
2381, 2383
2549, 2551
2591, 2593
2657, 2659
2687, 2689
2711, 2713
2729, 2731
2789, 2791
2801, 2803
2969, 2971
2999, 3001
3119, 3121
3167, 3169
3251, 3253
3257, 3259
3299, 3301
3329, 3331
3359, 3361
3371, 3373
3389, 3391
3461, 3463
3467, 3469
3527, 3529
3539, 3541
3557, 3559
3581, 3583
3671, 3673
3767, 3769
3821, 3823
3851, 3853
3917, 3919
3929, 3931
4001, 4003
4019, 4021
4049, 4051
4091, 4093
4127, 4129
4157, 4159
4217, 4219
4229, 4231
4241, 4243
4259, 4261
4271, 4273
4337, 4339
4421, 4423
4481, 4483
4517, 4519
4547, 4549
4637, 4639
4649, 4651
4721, 4723
4787, 4789
4799, 4801
4931, 4933
4967, 4969
5009, 5011
5021, 5023
5099, 5101
5231, 5233
5279, 5281
5417, 5419
5441, 5443
5477, 5479
5501, 5503
5519, 5521
5639, 5641
5651, 5653
5657, 5659
5741, 5743
5849, 5851
5867, 5869
5879, 5881
6089, 6091
6131, 6133
6197, 6199
6269, 6271
6299, 6301
6359, 6361
6449, 6451
6551, 6553
6569, 6571
6659, 6661
6689, 6691
6701, 6703
6761, 6763
6779, 6781
6791, 6793
6827, 6829
6869, 6871
6947, 6949
6959, 6961
7127, 7129
7211, 7213
7307, 7309
7331, 7333
7349, 7351
7457, 7459
7487, 7489
7547, 7549
7559, 7561
7589, 7591
7757, 7759
7877, 7879
7949, 7951
8009, 8011
8087, 8089
8219, 8221
8231, 8233
8291, 8293
8387, 8389
8429, 8431
8537, 8539
8597, 8599
8627, 8629
8819, 8821
8837, 8839
8861, 8863
8969, 8971
8999, 9001
9011, 9013
9041, 9043
9239, 9241
9281, 9283
9341, 9343
9419, 9421
9431, 9433
9437, 9439
9461, 9463
9629, 9631
9677, 9679
9719, 9721
9767, 9769
9857, 9859
9929, 9931
10007, 10009
10037, 10039
10067, 10069
10091, 10093
10139, 10141
10271, 10273
10301, 10303
10331, 10333
10427, 10429
10457, 10459
10499, 10501
10529, 10531
10709, 10711
10859, 10861
10889, 10891
10937, 10939
11057, 11059
11069, 11071
11117, 11119
11159, 11161
11171, 11173
11351, 11353
11489, 11491
11549, 11551
11699, 11701
11717, 11719
11777, 11779
11831, 11833
11939, 11941
11969, 11971
12041, 12043
12071, 12073
12107, 12109
12161, 12163
12239, 12241
12251, 12253
12377, 12379
12539, 12541
12611, 12613
12821, 12823
12917, 12919
13001, 13003
13007, 13009
13217, 13219
13337, 13339
13397, 13399
13679, 13681
13691, 13693
13709, 13711
13721, 13723
13757, 13759
13829, 13831
13877, 13879
13901, 13903
13931, 13933
13997, 13999
14009, 14011
14081, 14083
14249, 14251
14321, 14323
14387, 14389
14447, 14449
14549, 14551
14561, 14563
14591, 14593
14627, 14629
14867, 14869
15137, 15139
15269, 15271
15287, 15289
15329, 15331
15359, 15361
15581, 15583
15641, 15643
15647, 15649
15731, 15733
15737, 15739
15887, 15889
15971, 15973
16061, 16063
16067, 16069
16139, 16141
16187, 16189
16229, 16231
16361, 16363
16451, 16453
16631, 16633
16649, 16651
16691, 16693
16829, 16831
16901, 16903
16979, 16981
17027, 17029
17189, 17191
17207, 17209
17291, 17293
17387, 17389
17417, 17419
17489, 17491
17579, 17581
17597, 17599
17657, 17659
17681, 17683
17747, 17749
17789, 17791
17837, 17839
17909, 17911
17921, 17923
17957, 17959
17987, 17989
18041, 18043
18047, 18049
18059, 18061
18119, 18121
18131, 18133
18251, 18253
18287, 18289
18311, 18313
18521, 18523
18539, 18541
18911, 18913
18917, 18919
19079, 19081
19139, 19141
19181, 19183
19211, 19213
19379, 19381
19421, 19423
19427, 19429
19469, 19471
19541, 19543
19697, 19699
19751, 19753
19841, 19843
19889, 19891
19961, 19963
19991, 19993
20021, 20023
20147, 20149
20231, 20233
20357, 20359
20441, 20443
20477, 20479
20507, 20509
20549, 20551
20639, 20641
20717, 20719
20747, 20749
20771, 20773
20807, 20809
20897, 20899
20981, 20983
21011, 21013
21017, 21019
21059, 21061
21191, 21193
21317, 21319
21377, 21379
21491, 21493
21521, 21523
21557, 21559
21587, 21589
21599, 21601
21611, 21613
21647, 21649
21737, 21739
21839, 21841
22037, 22039
22091, 22093
22109, 22111
22157, 22159
22271, 22273
22277, 22279
22367, 22369
22481, 22483
22541, 22543
22571, 22573
22619, 22621
22637, 22639
22697, 22699
22739, 22741
22859, 22861
22961, 22963
23027, 23029
23039, 23041
23057, 23059
23201, 23203
23291, 23293
23369, 23371
23537, 23539
23561, 23563
23627, 23629
23669, 23671
23687, 23689
23741, 23743
23831, 23833
23909, 23911
24107, 24109
24179, 24181
24371, 24373
24419, 24421
24917, 24919
24977, 24979
25031, 25033
25169, 25171
25301, 25303
25307, 25309
25409, 25411
25469, 25471
25577, 25579
25601, 25603
25799, 25801
25847, 25849
25931, 25933
25997, 25999
26111, 26113
26249, 26251
26261, 26263
26681, 26683
26699, 26701
26711, 26713
26729, 26731
26861, 26863
26879, 26881
26891, 26893
26951, 26953
27059, 27061
27107, 27109
27239, 27241
27281, 27283
27407, 27409
27479, 27481
27527, 27529
27539, 27541
27581, 27583
27689, 27691
27737, 27739
27749, 27751
27791, 27793
27917, 27919
27941, 27943
28097, 28099
28109, 28111
28181, 28183
28277, 28279
28307, 28309
28349, 28351
28409, 28411
28547, 28549
28571, 28573
28619, 28621
28661, 28663
28751, 28753
29021, 29023
29129, 29131
29207, 29209
29387, 29389
29399, 29401
29567, 29569
29669, 29671
29759, 29761
29879, 29881
30011, 30013
30089, 30091
30137, 30139
30269, 30271
30389, 30391
30467, 30469
30491, 30493
30557, 30559
30839, 30841
30851, 30853
30869, 30871
31079, 31081
31121, 31123
31151, 31153
31181, 31183
31247, 31249
31319, 31321
31391, 31393
31511, 31513
31541, 31543
31721, 31723
31727, 31729
31769, 31771
31847, 31849
32027, 32029
32057, 32059
32117, 32119
32141, 32143
32189, 32191
32297, 32299
32321, 32323
32369, 32371
32411, 32413
32441, 32443
32531, 32533
32561, 32563
32609, 32611
32717, 32719
32801, 32803
32831, 32833
32909, 32911
32939, 32941
32969, 32971
33071, 33073
33149, 33151
33179, 33181
33287, 33289
33329, 33331
33347, 33349
33587, 33589
33599, 33601
33617, 33619
33749, 33751
33767, 33769
33809, 33811
33827, 33829
34031, 34033
34127, 34129
34157, 34159
34211, 34213
34259, 34261
34301, 34303
34367, 34369
34469, 34471
34499, 34501
34511, 34513
34589, 34591
34649, 34651
34757, 34759
34841, 34843
34847, 34849
34961, 34963
35051, 35053
35081, 35083
35279, 35281
35447, 35449
35507, 35509
35531, 35533
35591, 35593
35729, 35731
35801, 35803
35837, 35839
35897, 35899
36011, 36013
36107, 36109
36341, 36343
36467, 36469
36527, 36529
36779, 36781
36791, 36793
36899, 36901
36929, 36931
37019, 37021
37199, 37201
37307, 37309
37337, 37339
37361, 37363
37547, 37549
37571, 37573
37589, 37591
37691, 37693
37781, 37783
37811, 37813
37991, 37993
38237, 38239
38327, 38329
38447, 38449
38459, 38461
38567, 38569
38609, 38611
38651, 38653
38669, 38671
38711, 38713
38747, 38749
38921, 38923
39041, 39043
39161, 39163
39227, 39229
39239, 39241
39341, 39343
39371, 39373
39509, 39511
39827, 39829
39839, 39841
40037, 40039
40127, 40129
40151, 40153
40427, 40429
40529, 40531
40637, 40639
40697, 40699
40847, 40849
41141, 41143
41177, 41179
41201, 41203
41231, 41233
41387, 41389
41411, 41413
41519, 41521
41609, 41611
41759, 41761
41849, 41851
41957, 41959
41981, 41983
42017, 42019
42071, 42073
42179, 42181
42221, 42223
42281, 42283
42407, 42409
42461, 42463
42569, 42571
42641, 42643
42701, 42703
42839, 42841
42899, 42901
43049, 43051
43319, 43321
43397, 43399
43541, 43543
43577, 43579
43607, 43609
43649, 43651
43781, 43783
43787, 43789
43889, 43891
43961, 43963
44027, 44029
44087, 44089
44129, 44131
44201, 44203
44267, 44269
44279, 44281
44381, 44383
44531, 44533
44621, 44623
44699, 44701
44771, 44773
45119, 45121
45137, 45139
45179, 45181
45317, 45319
45341, 45343
45587, 45589
45821, 45823
46049, 46051
46091, 46093
46181, 46183
46271, 46273
46307, 46309
46349, 46351
46439, 46441
46589, 46591
46679, 46681
46769, 46771
46817, 46819
46829, 46831
47057, 47059
47147, 47149
47351, 47353
47387, 47389
47417, 47419
47657, 47659
47699, 47701
47711, 47713
47741, 47743
47777, 47779
47807, 47809
48119, 48121
48311, 48313
48407, 48409
48479, 48481
48539, 48541
48647, 48649
48677, 48679
48731, 48733
48779, 48781
48821, 48823
48857, 48859
48869, 48871
48989, 48991
49031, 49033
49121, 49123
49169, 49171
49199, 49201
49277, 49279
49331, 49333
49367, 49369
49391, 49393
49409, 49411
49529, 49531
49547, 49549
49667, 49669
49739, 49741
49787, 49789
49919, 49921
49937, 49939
49991, 49993
50021, 50023
50051, 50053
50129, 50131
50261, 50263
50459, 50461
50549, 50551
50591, 50593
50891, 50893
50969, 50971
51059, 51061
51131, 51133
51197, 51199
51239, 51241
51341, 51343
51347, 51349
51419, 51421
51437, 51439
51479, 51481
51719, 51721
51767, 51769
51827, 51829
51869, 51871
51971, 51973
52067, 52069
52181, 52183
52289, 52291
52361, 52363
52541, 52543
52709, 52711
52859, 52861
52901, 52903
53087, 53089
53147, 53149
53171, 53173
53231, 53233
53267, 53269
53279, 53281
53549, 53551
53591, 53593
53609, 53611
53717, 53719
53897, 53899
54011, 54013
54401, 54403
54419, 54421
54497, 54499
54539, 54541
54581, 54583
54629, 54631
54917, 54919
55049, 55051
55217, 55219
55331, 55333
55337, 55339
55439, 55441
55619, 55621
55631, 55633
55661, 55663
55817, 55819
55901, 55903
55931, 55933
56039, 56041
56099, 56101
56207, 56209
56237, 56239
56267, 56269
56477, 56479
56501, 56503
56531, 56533
56597, 56599
56711, 56713
56807, 56809
56891, 56893
56909, 56911
56921, 56923
57191, 57193
57221, 57223
57269, 57271
57329, 57331
57347, 57349
57527, 57529
57557, 57559
57791, 57793
57899, 57901
58109, 58111
58151, 58153
58169, 58171
58229, 58231
58367, 58369
58391, 58393
58439, 58441
58451, 58453
58601, 58603
58787, 58789
58907, 58909
59009, 59011
59021, 59023
59051, 59053
59207, 59209
59219, 59221
59357, 59359
59417, 59419
59441, 59443
59471, 59473
59627, 59629
59669, 59671
60089, 60091
60101, 60103
60167, 60169
60257, 60259
60647, 60649
60659, 60661
60761, 60763
60887, 60889
60899, 60901
60917, 60919
61151, 61153
61331, 61333
61379, 61381
61469, 61471
61559, 61561
61979, 61981
62129, 62131
62141, 62143
62189, 62191
62297, 62299
62927, 62929
62969, 62971
62981, 62983
62987, 62989
63029, 63031
63197, 63199
63311, 63313
63389, 63391
63419, 63421
63587, 63589
63599, 63601
63647, 63649
63689, 63691
63839, 63841
64151, 64153
64187, 64189
64301, 64303
64451, 64453
64577, 64579
64661, 64663
64781, 64783
64877, 64879
64919, 64921
65027, 65029
65099, 65101
65171, 65173
65267, 65269
65447, 65449
65519, 65521
65537, 65539
65579, 65581
65699, 65701
65717, 65719
65729, 65731
65837, 65839
65927, 65929
65981, 65983
66107, 66109
66359, 66361
66569, 66571
66749, 66751
66851, 66853
66947, 66949
67139, 67141
67187, 67189
67211, 67213
67217, 67219
67271, 67273
67409, 67411
67427, 67429
67577, 67579
67757, 67759
67931, 67933
68111, 68113
68207, 68209
68279, 68281
68447, 68449
68489, 68491
68711, 68713
68819, 68821
68879, 68881
68897, 68899
69029, 69031
69149, 69151
69191, 69193
69257, 69259
69401, 69403
69491, 69493
69497, 69499
69737, 69739
69761, 69763
69827, 69829
69857, 69859
69929, 69931
70001, 70003
70121, 70123
70139, 70141
70181, 70183
70199, 70201
70379, 70381
70457, 70459
70487, 70489
70571, 70573
70619, 70621
70841, 70843
70877, 70879
70919, 70921
70949, 70951
70979, 70981
70997, 70999
71261, 71263
71327, 71329
71339, 71341
71387, 71389
71411, 71413
71471, 71473
71549, 71551
71711, 71713
71807, 71809
71879, 71881
72089, 72091
72101, 72103
72167, 72169
72221, 72223
72227, 72229
72251, 72253
72269, 72271
72467, 72469
72647, 72649
72671, 72673
72869, 72871
73037, 73039
73061, 73063
73361, 73363
73607, 73609
73679, 73681
73847, 73849
74099, 74101
74159, 74161
74201, 74203
74381, 74383
74411, 74413
74507, 74509
74609, 74611
74717, 74719
74729, 74731
74759, 74761
75011, 75013
75167, 75169
75209, 75211
75389, 75391
75401, 75403
75539, 75541
75617, 75619
75707, 75709
75989, 75991
76001, 76003
76079, 76081
76157, 76159
76259, 76261
76367, 76369
76421, 76423
76541, 76543
76649, 76651
76829, 76831
76871, 76873
76961, 76963
77237, 77239
77261, 77263
77267, 77269
77417, 77419
77477, 77479
77489, 77491
77549, 77551
77687, 77689
77711, 77713
78137, 78139
78191, 78193
78437, 78439
78509, 78511
78539, 78541
78569, 78571
78779, 78781
78887, 78889
78977, 78979
79151, 79153
79229, 79231
79397, 79399
79559, 79561
79631, 79633
79691, 79693
79697, 79699
79811, 79813
79841, 79843
79901, 79903
79997, 79999
80147, 80149
80207, 80209
80231, 80233
80447, 80449
80471, 80473
80489, 80491
80627, 80629
80669, 80671
80681, 80683
80747, 80749
80777, 80779
80831, 80833
80909, 80911
81017, 81019
81041, 81043
81047, 81049
81197, 81199
81281, 81283
81371, 81373
81551, 81553
81647, 81649
81701, 81703
81899, 81901
81929, 81931
81971, 81973
82007, 82009
82037, 82039
82139, 82141
82217, 82219
82349, 82351
82469, 82471
82529, 82531
82559, 82561
82721, 82723
82727, 82729
82757, 82759
82811, 82813
82889, 82891
83219, 83221
83231, 83233
83267, 83269
83339, 83341
83399, 83401
83561, 83563
83639, 83641
83717, 83719
84059, 84061
84179, 84181
84221, 84223
84317, 84319
84347, 84349
84389, 84391
84521, 84523
84629, 84631
84809, 84811
84857, 84859
84869, 84871
84977, 84979
85091, 85093
85199, 85201
85331, 85333
85361, 85363
85427, 85429
85451, 85453
85619, 85621
85667, 85669
85817, 85819
85829, 85831
85931, 85933
86027, 86029
86111, 86113
86291, 86293
86351, 86353
86369, 86371
86531, 86533
86627, 86629
86927, 86929
87011, 87013
87119, 87121
87149, 87151
87179, 87181
87221, 87223
87251, 87253
87509, 87511
87539, 87541
87557, 87559
87587, 87589
87629, 87631
87641, 87643
87719, 87721
87959, 87961
88001, 88003
88259, 88261
88337, 88339
88469, 88471
88589, 88591
88607, 88609
88661, 88663
88799, 88801
88811, 88813
88817, 88819
89069, 89071
89519, 89521
89561, 89563
89597, 89599
89657, 89659
89669, 89671
89819, 89821
89897, 89899
90017, 90019
90071, 90073
90197, 90199
90371, 90373
90401, 90403
90437, 90439
90527, 90529
90617, 90619
90677, 90679
90821, 90823
91079, 91081
91097, 91099
91127, 91129
91139, 91141
91151, 91153
91367, 91369
91457, 91459
91571, 91573
91811, 91813
91967, 91969
92177, 92179
92219, 92221
92381, 92383
92399, 92401
92459, 92461
92567, 92569
92639, 92641
92669, 92671
92681, 92683
92789, 92791
92861, 92863
92957, 92959
93131, 93133
93239, 93241
93251, 93253
93281, 93283
93479, 93481
93491, 93493
93557, 93559
93701, 93703
93761, 93763
93809, 93811
93887, 93889
93911, 93913
94007, 94009
94109, 94111
94151, 94153
94307, 94309
94349, 94351
94397, 94399
94439, 94441
94529, 94531
94541, 94543
94559, 94561
94649, 94651
94847, 94849
94949, 94951
95087, 95089
95189, 95191
95231, 95233
95441, 95443
95789, 95791
95801, 95803
95957, 95959
95987, 95989
96179, 96181
96221, 96223
96329, 96331
96587, 96589
96737, 96739
96797, 96799
96821, 96823
97001, 97003
97157, 97159
97169, 97171
97301, 97303
97367, 97369
97379, 97381
97499, 97501
97547, 97549
97577, 97579
97607, 97609
97649, 97651
97787, 97789
97841, 97843
97847, 97849
97859, 97861
98009, 98011
98297, 98299
98321, 98323
98387, 98389
98561, 98563
98639, 98641
98711, 98713
98729, 98731
98807, 98809
98867, 98869
98897, 98899
98909, 98911
98927, 98929
99131, 99133
99137, 99139
99257, 99259
99347, 99349
99527, 99529
99707, 99709
99719, 99721
99989, 99991
100151, 100153
100361, 100363
100391, 100393
100517, 100519
100547, 100549
100799, 100801
101111, 101113
101117, 101119
101159, 101161
101207, 101209
101279, 101281
101501, 101503
101531, 101533
101747, 101749
101837, 101839
101999, 102001
102059, 102061
102077, 102079
102101, 102103
102197, 102199
102251, 102253
102299, 102301
102407, 102409
102497, 102499
102677, 102679
102761, 102763
102911, 102913
102929, 102931
103067, 103069
103091, 103093
103289, 103291
103391, 103393
103421, 103423
103811, 103813
103841, 103843
103967, 103969
103979, 103981
103991, 103993
104087, 104089
104147, 104149
104231, 104233
104309, 104311
104381, 104383
104471, 104473
104549, 104551
104681, 104683
104759, 104761
104801, 104803
104849, 104851
105227, 105229
105251, 105253
105359, 105361
105527, 105529
105767, 105769
106031, 106033
106121, 106123
106187, 106189
106217, 106219
106277, 106279
106319, 106321
106451, 106453
106541, 106543
106619, 106621
106661, 106663
106751, 106753
106781, 106783
106859, 106861
106961, 106963
107069, 107071
107099, 107101
107507, 107509
107717, 107719
107837, 107839
108011, 108013
108107, 108109
108191, 108193
108287, 108289
108377, 108379
108461, 108463
108497, 108499
108707, 108709
108791, 108793
108881, 108883
108947, 108949
108959, 108961
109139, 109141
109169, 109171
109199, 109201
109451, 109453
109469, 109471
109517, 109519
109619, 109621
109661, 109663
109829, 109831
109841, 109843
109847, 109849
110321, 110323
110477, 110479
110501, 110503
110567, 110569
110729, 110731
110819, 110821
110879, 110881
110921, 110923
111029, 111031
111119, 111121
111227, 111229
111269, 111271
111491, 111493
111731, 111733
111779, 111781
111827, 111829
111869, 111871
112067, 112069
112247, 112249
112289, 112291
112337, 112339
112361, 112363
112571, 112573
112601, 112603
112757, 112759
112919, 112921
113021, 113023
113039, 113041
113081, 113083
113147, 113149
113159, 113161
113171, 113173
113327, 113329
113357, 113359
113381, 113383
113537, 113539
113621, 113623
113717, 113719
113759, 113761
113777, 113779
114041, 114043
114197, 114199
114599, 114601
114641, 114643
114659, 114661
114689, 114691
114797, 114799
115019, 115021
115151, 115153
115301, 115303
115319, 115321
115361, 115363
115469, 115471
115601, 115603
115769, 115771
115781, 115783
115859, 115861
115877, 115879
115901, 115903
115931, 115933
115979, 115981
116099, 116101
116189, 116191
116531, 116533
116537, 116539
116687, 116689
116789, 116791
116927, 116929
117041, 117043
117191, 117193
117239, 117241
117329, 117331
117371, 117373
117497, 117499
117539, 117541
117617, 117619
117671, 117673
117701, 117703
117809, 117811
117839, 117841
117881, 117883
117977, 117979
117989, 117991
118169, 118171
118211, 118213
118247, 118249
118409, 118411
118619, 118621
118799, 118801
118901, 118903
119087, 119089
119099, 119101
119129, 119131
119291, 119293
119297, 119299
119417, 119419
119549, 119551
119657, 119659
119687, 119689
119699, 119701
119771, 119773
119849, 119851
119921, 119923
119981, 119983
120047, 120049
120077, 120079
120689, 120691
120737, 120739
120917, 120919
120941, 120943
121019, 121021
121061, 121063
121169, 121171
121349, 121351
121367, 121369
121439, 121441
121577, 121579
121607, 121609
121631, 121633
121787, 121789
121949, 121951
122027, 122029
122039, 122041
122051, 122053
122147, 122149
122201, 122203
122207, 122209
122321, 122323
122387, 122389
122399, 122401
122501, 122503
122597, 122599
122609, 122611
122651, 122653
122741, 122743
122867, 122869
123377, 123379
123491, 123493
123551, 123553
123581, 123583
123731, 123733
124121, 124123
124181, 124183
124247, 124249
124301, 124303
124337, 124339
124349, 124351
124427, 124429
124541, 124543
124769, 124771
124781, 124783
124907, 124909
124979, 124981
125117, 125119
125219, 125221
125507, 125509
125639, 125641
125789, 125791
125897, 125899
125927, 125929
126011, 126013
126227, 126229
126491, 126493
126611, 126613
126857, 126859
127031, 127033
127079, 127081
127217, 127219
127247, 127249
127289, 127291
127607, 127609
127679, 127681
127709, 127711
127817, 127819
128111, 128113
128201, 128203
128237, 128239
128339, 128341
128411, 128413
128519, 128521
128549, 128551
128657, 128659
128747, 128749
128831, 128833
128939, 128941
128969, 128971
128981, 128983
129119, 129121
129221, 129223
129287, 129289
129401, 129403
129497, 129499
129527, 129529
129587, 129589
129629, 129631
129641, 129643
129917, 129919
130199, 130201
130259, 130261
130367, 130369
130409, 130411
130619, 130621
130631, 130633
130649, 130651
130841, 130843
131009, 131011
131111, 131113
131249, 131251
131447, 131449
131477, 131479
131639, 131641
131711, 131713
131777, 131779
131837, 131839
131891, 131893
131939, 131941
132047, 132049
132329, 132331
132437, 132439
132527, 132529
132707, 132709
132749, 132751
132761, 132763
132857, 132859
132947, 132949
133277, 133279
133319, 133321
133349, 133351
133541, 133543
133631, 133633
133709, 133711
133811, 133813
133979, 133981
134087, 134089
134291, 134293
134339, 134341
134369, 134371
134399, 134401
134591, 134593
134681, 134683
134837, 134839
134921, 134923
135017, 135019
135209, 135211
135281, 135283
135347, 135349
135389, 135391
135431, 135433
135461, 135463
135467, 135469
135599, 135601
135647, 135649
135719, 135721
135911, 135913
135977, 135979
136067, 136069
136397, 136399
136481, 136483
136601, 136603
136649, 136651
136691, 136693
136709, 136711
136751, 136753
136811, 136813
136859, 136861
136949, 136951
136991, 136993
137087, 137089
137117, 137119
137339, 137341
137867, 137869
137909, 137911
138077, 138079
138179, 138181
138239, 138241
138371, 138373
138401, 138403
138449, 138451
138569, 138571
138797, 138799
139121, 139123
139199, 139201
139301, 139303
139367, 139369
139457, 139459
139589, 139591
139661, 139663
139967, 139969
140069, 140071
140417, 140419
140549, 140551
140627, 140629
140681, 140683
140729, 140731
140759, 140761
140837, 140839
140867, 140869
140891, 140893
141179, 141181
141221, 141223
141497, 141499
141509, 141511
141677, 141679
141707, 141709
141767, 141769
141851, 141853
141959, 141961
142097, 142099
142157, 142159
142589, 142591
142607, 142609
142697, 142699
142757, 142759
142787, 142789
142871, 142873
142979, 142981
143111, 143113
143261, 143263
143501, 143503
143567, 143569
143651, 143653
143831, 143833
143879, 143881
144071, 144073
144161, 144163
144167, 144169
144407, 144409
144479, 144481
144539, 144541
144887, 144889
145007, 145009
145511, 145513
145547, 145549
145601, 145603
145679, 145681
145721, 145723
145757, 145759
145931, 145933
145967, 145969
146009, 146011
146021, 146023
146057, 146059
146297, 146299
146381, 146383
146519, 146521
146681, 146683
146891, 146893
146987, 146989
147029, 147031
147137, 147139
147209, 147211
147227, 147229
147449, 147451
147671, 147673
148061, 148063
148151, 148153
148199, 148201
148301, 148303
148469, 148471
148667, 148669
148691, 148693
148721, 148723
148781, 148783
148859, 148861
148931, 148933
149057, 149059
149099, 149101
149111, 149113
149159, 149161
149249, 149251
149417, 149419
149489, 149491
149519, 149521
149531, 149533
149561, 149563
149627, 149629
149711, 149713
149729, 149731
149837, 149839
149909, 149911
149969, 149971
150089, 150091
150209, 150211
150221, 150223
150299, 150301
150377, 150379
150587, 150589
150767, 150769
150881, 150883
150959, 150961
150989, 150991
151007, 151009
151049, 151051
151169, 151171
151241, 151243
151337, 151339
151379, 151381
151607, 151609
151769, 151771
151847, 151849
151901, 151903
151937, 151939
151967, 151969
152027, 152029
152039, 152041
152081, 152083
152417, 152419
152441, 152443
152459, 152461
152531, 152533
152597, 152599
152639, 152641
152819, 152821
152837, 152839
152897, 152899
152939, 152941
153071, 153073
153269, 153271
153407, 153409
153509, 153511
153521, 153523
153887, 153889
153911, 153913
153947, 153949
154079, 154081
154157, 154159
154181, 154183
154211, 154213
154277, 154279
154571, 154573
154589, 154591
154619, 154621
154667, 154669
154787, 154789
154871, 154873
155081, 155083
155201, 155203
155381, 155383
155537, 155539
155579, 155581
155717, 155719
155849, 155851
155861, 155863
155891, 155893
156059, 156061
156227, 156229
156257, 156259
156419, 156421
156491, 156493
156677, 156679
156797, 156799
156899, 156901
156941, 156943
157049, 157051
157217, 157219
157229, 157231
157271, 157273
157277, 157279
157349, 157351
157427, 157429
157559, 157561
157637, 157639
157667, 157669
157769, 157771
157931, 157933
158141, 158143
158231, 158233
158357, 158359
158747, 158749
158759, 158761
159167, 159169
159191, 159193
159347, 159349
159539, 159541
159569, 159571
159629, 159631
159671, 159673
159737, 159739
159791, 159793
159869, 159871
159977, 159979
160031, 160033
160079, 160081
160091, 160093
160481, 160483
160619, 160621
160637, 160639
160649, 160651
160709, 160711
160751, 160753
160877, 160879
160967, 160969
161339, 161341
161459, 161461
161561, 161563
161639, 161641
161729, 161731
161741, 161743
161771, 161773
161879, 161881
161921, 161923
161969, 161971
162287, 162289
162389, 162391
162527, 162529
162749, 162751
162821, 162823
162971, 162973
163019, 163021
163061, 163063
163127, 163129
163169, 163171
163307, 163309
163409, 163411
163481, 163483
163859, 163861
163979, 163981
163991, 163993
164147, 164149
164231, 164233
164249, 164251
164429, 164431
164447, 164449
164621, 164623
164837, 164839
164999, 165001
165047, 165049
165311, 165313
165551, 165553
165587, 165589
165701, 165703
165707, 165709
165719, 165721
166301, 166303
166349, 166351
166601, 166603
166667, 166669
166739, 166741
166781, 166783
166841, 166843
166847, 166849
167021, 167023
167117, 167119
167267, 167269
167309, 167311
167339, 167341
167441, 167443
167621, 167623
167777, 167779
167861, 167863
168449, 168451
168599, 168601
168629, 168631
168899, 168901
169007, 169009
169067, 169069
169217, 169219
169241, 169243
169319, 169321
169691, 169693
169751, 169753
169889, 169891
170099, 170101
170351, 170353
170369, 170371
170537, 170539
170759, 170761
171047, 171049
171077, 171079
171161, 171163
171167, 171169
171251, 171253
171401, 171403
171467, 171469
171539, 171541
171671, 171673
171761, 171763
172169, 172171
172217, 172219
172421, 172423
172439, 172441
172517, 172519
173021, 173023
173189, 173191
173207, 173209
173291, 173293
173357, 173359
173429, 173431
173669, 173671
173741, 173743
173777, 173779
174017, 174019
174047, 174049
174077, 174079
174257, 174259
174329, 174331
174467, 174469
174569, 174571
174761, 174763
174929, 174931
174989, 174991
175067, 175069
175079, 175081
175391, 175393
175631, 175633
175757, 175759
175781, 175783
175937, 175939
175961, 175963
175991, 175993
176021, 176023
176051, 176053
176087, 176089
176159, 176161
176327, 176329
176417, 176419
176459, 176461
176507, 176509
176549, 176551
176597, 176599
176609, 176611
176711, 176713
176777, 176779
176789, 176791
176807, 176809
176921, 176923
177011, 177013
177209, 177211
177431, 177433
177677, 177679
177761, 177763
177839, 177841
177887, 177889
178037, 178039
178067, 178069
178091, 178093
178247, 178249
178259, 178261
178349, 178351
178439, 178441
178487, 178489
178559, 178561
178601, 178603
178691, 178693
178817, 178819
178907, 178909
178931, 178933
179381, 179383
179579, 179581
179591, 179593
179657, 179659
179687, 179689
179717, 179719
179819, 179821
179897, 179899
179951, 179953
179999, 180001
180071, 180073
180179, 180181
180239, 180241
180287, 180289
180539, 180541
180749, 180751
180797, 180799
181001, 181003
181061, 181063
181199, 181201
181211, 181213
181301, 181303
181397, 181399
181457, 181459
181499, 181501
181607, 181609
181667, 181669
181757, 181759
181787, 181789
181871, 181873
181889, 181891
182009, 182011
182027, 182029
182057, 182059
182099, 182101
182129, 182131
182177, 182179
182339, 182341
182387, 182389
182471, 182473
182639, 182641
182657, 182659
182711, 182713
182927, 182929
183089, 183091
183299, 183301
183317, 183319
183437, 183439
183497, 183499
183509, 183511
183569, 183571
183707, 183709
183761, 183763
183917, 183919
183971, 183973
184187, 184189
184271, 184273
184487, 184489
184607, 184609
184631, 184633
184649, 184651
184829, 184831
184901, 184903
184967, 184969
184997, 184999
185069, 185071
185369, 185371
185531, 185533
185567, 185569
185681, 185683
185747, 185749
185819, 185821
185831, 185833
185957, 185959
186161, 186163
186227, 186229
186299, 186301
186377, 186379
186479, 186481
186581, 186583
186647, 186649
186707, 186709
186761, 186763
186869, 186871
187067, 187069
187127, 187129
187139, 187141
187217, 187219
187337, 187339
187469, 187471
187631, 187633
187637, 187639
187907, 187909
188831, 188833
188861, 188863
188939, 188941
189017, 189019
189041, 189043
189149, 189151
189251, 189253
189347, 189349
189389, 189391
189437, 189439
189491, 189493
189617, 189619
189797, 189799
189851, 189853
189947, 189949
190367, 190369
190577, 190579
190667, 190669
190709, 190711
190889, 190891
191141, 191143
191249, 191251
191297, 191299
191339, 191341
191447, 191449
191459, 191461
191507, 191509
191531, 191533
191561, 191563
191669, 191671
191747, 191749
191801, 191803
191831, 191833
192191, 192193
192317, 192319
192341, 192343
192461, 192463
192497, 192499
192581, 192583
192611, 192613
192629, 192631
192887, 192889
192977, 192979
193181, 193183
193379, 193381
193601, 193603
193811, 193813
193859, 193861
193871, 193873
193937, 193939
194069, 194071
194267, 194269
194681, 194683
194861, 194863
194867, 194869
195047, 195049
195161, 195163
195341, 195343
195539, 195541
195731, 195733
195737, 195739
195929, 195931
195971, 195973
196169, 196171
196277, 196279
196499, 196501
196541, 196543
196661, 196663
196769, 196771
196871, 196873
196991, 196993
197159, 197161
197297, 197299
197339, 197341
197369, 197371
197381, 197383
197567, 197569
197597, 197599
197711, 197713
197891, 197893
197957, 197959
197969, 197971
198221, 198223
198257, 198259
198347, 198349
198437, 198439
198461, 198463
198827, 198829
198839, 198841
198899, 198901
198941, 198943
199037, 199039
199151, 199153
199487, 199489
199499, 199501
199601, 199603
199739, 199741
199751, 199753
199811, 199813
199931, 199933
200381, 200383
200867, 200869
200927, 200929
200987, 200989
201119, 201121
201209, 201211
201401, 201403
201449, 201451
201491, 201493
201497, 201499
201767, 201769
201821, 201823
201827, 201829
202061, 202063
202127, 202129
202289, 202291
202637, 202639
202751, 202753
202877, 202879
202931, 202933
203207, 203209
203309, 203311
203321, 203323
203339, 203341
203351, 203353
203381, 203383
203417, 203419
203429, 203431
203459, 203461
203657, 203659
203771, 203773
203807, 203809
203909, 203911
203969, 203971
204161, 204163
204299, 204301
204329, 204331
204359, 204361
204437, 204439
204509, 204511
204599, 204601
204749, 204751
204791, 204793
204857, 204859
205031, 205033
205211, 205213
205397, 205399
205421, 205423
205661, 205663
205949, 205951
205991, 205993
206081, 206083
206177, 206179
206249, 206251
206279, 206281
206411, 206413
206639, 206641
206819, 206821
206909, 206911
206951, 206953
207197, 207199
207239, 207241
207329, 207331
207341, 207343
207479, 207481
207509, 207511
207521, 207523
207671, 207673
207719, 207721
207797, 207799
207971, 207973
208001, 208003
208139, 208141
208277, 208279
208391, 208393
208457, 208459
208499, 208501
208511, 208513
208589, 208591
208697, 208699
208889, 208891
208931, 208933
208961, 208963
208991, 208993
209201, 209203
209267, 209269
209357, 209359
209567, 209569
209579, 209581
209621, 209623
209717, 209719
209819, 209821
209927, 209929
210191, 210193
210317, 210319
210359, 210361
210401, 210403
210599, 210601
210809, 210811
210911, 210913
211049, 211051
211061, 211063
211151, 211153
211217, 211219
211229, 211231
211499, 211501
211571, 211573
211661, 211663
211691, 211693
211877, 211879
211889, 211891
211931, 211933
212207, 212209
212669, 212671
212867, 212869
213131, 213133
213287, 213289
213359, 213361
213611, 213613
213947, 213949
214007, 214009
214031, 214033
214211, 214213
214481, 214483
214517, 214519
214559, 214561
214787, 214789
215141, 215143
215351, 215353
215459, 215461
215687, 215689
215981, 215983
216317, 216319
216371, 216373
216551, 216553
216569, 216571
216647, 216649
216779, 216781
216899, 216901
216917, 216919
217001, 217003
217199, 217201
217307, 217309
217337, 217339
217361, 217363
217367, 217369
217409, 217411
217517, 217519
217559, 217561
217577, 217579
217907, 217909
217979, 217981
218081, 218083
218417, 218419
218459, 218461
218549, 218551
218627, 218629
218717, 218719
218969, 218971
218987, 218989
219017, 219019
219311, 219313
219407, 219409
219647, 219649
219677, 219679
219761, 219763
219797, 219799
219941, 219943
219977, 219979
220019, 220021
220469, 220471
220511, 220513
220859, 220861
220877, 220879
220901, 220903
220931, 220933
221069, 221071
221171, 221173
221201, 221203
221399, 221401
221411, 221413
221537, 221539
221621, 221623
221657, 221659
221717, 221719
221951, 221953
221987, 221989
222041, 222043
222107, 222109
222149, 222151
222161, 222163
222197, 222199
222347, 222349
222791, 222793
222839, 222841
222977, 222979
223007, 223009
223049, 223051
223061, 223063
223217, 223219
223241, 223243
223337, 223339
223439, 223441
223547, 223549
223679, 223681
223757, 223759
223829, 223831
223841, 223843
223919, 223921
224069, 224071
224129, 224131
224909, 224911
225077, 225079
225161, 225163
225221, 225223
225287, 225289
225341, 225343
225347, 225349
225371, 225373
225527, 225529
225581, 225583
225611, 225613
225749, 225751
225767, 225769
225779, 225781
225941, 225943
226199, 226201
226379, 226381
226451, 226453
226547, 226549
226817, 226819
226901, 226903
227111, 227113
227189, 227191
227231, 227233
227471, 227473
227531, 227533
227567, 227569
227609, 227611
227627, 227629
227651, 227653
228197, 228199
228299, 228301
228419, 228421
228509, 228511
228521, 228523
228617, 228619
228731, 228733
228797, 228799
228881, 228883
228911, 228913
228959, 228961
229247, 229249
229547, 229549
229589, 229591
229637, 229639
229751, 229753
229769, 229771
229847, 229849
229937, 229939
229961, 229963
229979, 229981
230309, 230311
230339, 230341
230387, 230389
230561, 230563
230771, 230773
230861, 230863
230939, 230941
230999, 231001
231017, 231019
231107, 231109
231269, 231271
231347, 231349
231431, 231433
231461, 231463
231479, 231481
231611, 231613
231821, 231823
231839, 231841
232049, 232051
232079, 232081
232187, 232189
232409, 232411
232457, 232459
232709, 232711
232751, 232753
232961, 232963
233069, 233071
233141, 233143
233159, 233161
233327, 233329
233417, 233419
233549, 233551
233687, 233689
233879, 233881
233921, 233923
233939, 233941
234191, 234193
234317, 234319
234341, 234343
234461, 234463
234527, 234529
234539, 234541
234587, 234589
234809, 234811
234959, 234961
234977, 234979
235007, 235009
235241, 235243
235307, 235309
235439, 235441
235661, 235663
235787, 235789
235811, 235813
235889, 235891
236207, 236209
236477, 236479
236699, 236701
236771, 236773
236867, 236869
236879, 236881
236891, 236893
236981, 236983
237071, 237073
237089, 237091
237161, 237163
237689, 237691
237857, 237859
237971, 237973
238037, 238039
238079, 238081
238157, 238159
238361, 238363
238529, 238531
238727, 238729
238877, 238879
238919, 238921
239231, 239233
239387, 239389
239429, 239431
239711, 239713
239849, 239851
240041, 240043
240047, 240049
240257, 240259
240347, 240349
240587, 240589
240881, 240883
241049, 241051
241067, 241069
241259, 241261
241361, 241363
241391, 241393
241511, 241513
241559, 241561
241601, 241603
241781, 241783
241919, 241921
241979, 241981
242057, 242059
242171, 242173
242447, 242449
242519, 242521
242729, 242731
243119, 243121
243401, 243403
243431, 243433
243587, 243589
243671, 243673
243701, 243703
243707, 243709
244157, 244159
244217, 244219
244301, 244303
244379, 244381
244637, 244639
244667, 244669
244841, 244843
244859, 244861
245129, 245131
245171, 245173
245417, 245419
245471, 245473
245519, 245521
245561, 245563
245591, 245593
245627, 245629
245681, 245683
245849, 245851
245897, 245899
245909, 245911
245981, 245983
246119, 246121
246131, 246133
246317, 246319
246509, 246511
246611, 246613
246641, 246643
246707, 246709
246809, 246811
246929, 246931
247067, 247069
247337, 247339
247391, 247393
247529, 247531
247601, 247603
247607, 247609
247649, 247651
247691, 247693
247769, 247771
247811, 247813
247991, 247993
247997, 247999
248117, 248119
248177, 248179
248201, 248203
248291, 248293
248639, 248641
248867, 248869
248891, 248893
249131, 249133
249419, 249421
249437, 249439
249497, 249499
249539, 249541
249857, 249859
249971, 249973
