500111, 500113
500177, 500179
500231, 500233
500237, 500239
500471, 500473
500807, 500809
500909, 500911
500921, 500923
501029, 501031
501131, 501133
501341, 501343
501701, 501703
501827, 501829
502079, 502081
502259, 502261
502499, 502501
502631, 502633
502769, 502771
502919, 502921
503231, 503233
503381, 503383
503549, 503551
503609, 503611
503621, 503623
503777, 503779
503819, 503821
503927, 503929
504149, 504151
504377, 504379
504521, 504523
504617, 504619
504797, 504799
504851, 504853
504989, 504991
505031, 505033
505049, 505051
505157, 505159
505277, 505279
505319, 505321
505367, 505369
505409, 505411
505511, 505513
505691, 505693
505709, 505711
506171, 506173
506327, 506329
506459, 506461
506531, 506533
506591, 506593
506687, 506689
506729, 506731
507077, 507079
507137, 507139
507149, 507151
507347, 507349
507359, 507361
507497, 507499
507779, 507781
507917, 507919
508019, 508021
508271, 508273
508577, 508579
508619, 508621
508901, 508903
509147, 509149
509687, 509689
509909, 509911
510047, 510049
510077, 510079
510401, 510403
510449, 510451
510551, 510553
510581, 510583
510611, 510613
510617, 510619
510707, 510709
510941, 510943
511109, 511111
511151, 511153
511169, 511171
511211, 511213
511631, 511633
511961, 511963
512009, 512011
512249, 512251
512579, 512581
512591, 512593
512711, 512713
512819, 512821
512927, 512929
512999, 513001
513101, 513103
513167, 513169
513311, 513313
513479, 513481
513509, 513511
513767, 513769
513839, 513841
514049, 514051
514079, 514081
514247, 514249
514529, 514531
514637, 514639
514649, 514651
514739, 514741
515087, 515089
515231, 515233
515369, 515371
515651, 515653
515771, 515773
516161, 516163
516251, 516253
516359, 516361
516431, 516433
516539, 516541
516587, 516589
516617, 516619
516947, 516949
516977, 516979
517079, 517081
517241, 517243
517457, 517459
517469, 517471
517499, 517501
517511, 517513
517547, 517549
517637, 517639
518057, 518059
518099, 518101
518129, 518131
518207, 518209
518237, 518239
518387, 518389
518429, 518431
518471, 518473
518741, 518743
518759, 518761
518801, 518803
518807, 518809
518981, 518983
519089, 519091
519119, 519121
519227, 519229
519371, 519373
519521, 519523
519551, 519553
519917, 519919
520019, 520021
520307, 520309
520361, 520363
520379, 520381
520409, 520411
520547, 520549
520607, 520609
520631, 520633
520967, 520969
521021, 521023
521039, 521041
521177, 521179
521357, 521359
521399, 521401
521537, 521539
521657, 521659
521669, 521671
521789, 521791
521879, 521881
522059, 522061
522227, 522229
522281, 522283
522371, 522373
522521, 522523
522659, 522661
522677, 522679
522761, 522763
522827, 522829
522881, 522883
522959, 522961
523349, 523351
523487, 523489
523541, 523543
523571, 523573
523637, 523639
523667, 523669
524201, 524203
524219, 524221
524351, 524353
524387, 524389
524411, 524413
524507, 524509
524519, 524521
524591, 524593
524681, 524683
524801, 524803
524939, 524941
524957, 524959
524969, 524971
524981, 524983
524999, 525001
525191, 525193
525359, 525361
525377, 525379
525431, 525433
525491, 525493
525869, 525871
525947, 525949
526049, 526051
526067, 526069
526157, 526159
526289, 526291
526499, 526501
526571, 526573
526649, 526651
526679, 526681
526739, 526741
526829, 526831
527069, 527071
527159, 527161
527207, 527209
527699, 527701
527981, 527983
528041, 528043
528401, 528403
528509, 528511
528629, 528631
528707, 528709
528821, 528823
528881, 528883
528971, 528973
529049, 529051
529127, 529129
529181, 529183
529271, 529273
529421, 529423
529517, 529519
529577, 529579
529691, 529693
529811, 529813
529979, 529981
530249, 530251
530531, 530533
530597, 530599
530711, 530713
530741, 530743
531101, 531103
531569, 531571
531611, 531613
531821, 531823
532331, 532333
532451, 532453
532529, 532531
532601, 532603
532619, 532621
532781, 532783
532949, 532951
533009, 533011
533051, 533053
533189, 533191
533261, 533263
533711, 533713
533969, 533971
534047, 534049
534629, 534631
534647, 534649
534659, 534661
534839, 534841
535349, 535351
535487, 535489
535571, 535573
535607, 535609
535859, 535861
535937, 535939
536057, 536059
536099, 536101
536147, 536149
536189, 536191
536279, 536281
536441, 536443
536447, 536449
536531, 536533
536561, 536563
536717, 536719
536771, 536773
536777, 536779
536801, 536803
536867, 536869
536999, 537001
537401, 537403
538049, 538051
538121, 538123
538157, 538159
538199, 538201
538247, 538249
538301, 538303
538331, 538333
538397, 538399
538511, 538513
538649, 538651
538709, 538711
538721, 538723
538799, 538801
539111, 539113
539267, 539269
539309, 539311
539321, 539323
539447, 539449
539501, 539503
539507, 539509
539639, 539641
539711, 539713
539837, 539839
539897, 539899
540119, 540121
540179, 540181
540269, 540271
540347, 540349
540389, 540391
540509, 540511
540539, 540541
540557, 540559
540611, 540613
540677, 540679
540689, 540691
540779, 540781
541361, 541363
541529, 541531
541547, 541549
541577, 541579
541991, 541993
542021, 542023
542081, 542083
542117, 542119
542261, 542263
542537, 542539
542921, 542923
543017, 543019
543161, 543163
543287, 543289
543311, 543313
543551, 543553
543659, 543661
543791, 543793
543857, 543859
543887, 543889
544007, 544009
544097, 544099
544277, 544279
544721, 544723
544757, 544759
544877, 544879
544961, 544963
545087, 545089
545141, 545143
545549, 545551
545747, 545749
545789, 545791
546017, 546019
546101, 546103
546149, 546151
546239, 546241
546617, 546619
547271, 547273
547361, 547363
547397, 547399
547499, 547501
547661, 547663
547817, 547819
548459, 548461
548501, 548503
548519, 548521
548831, 548833
549011, 549013
549089, 549091
549161, 549163
549167, 549169
549257, 549259
549509, 549511
549551, 549553
549587, 549589
549641, 549643
549737, 549739
549749, 549751
549977, 549979
550007, 550009
550061, 550063
550127, 550129
550211, 550213
550439, 550441
550469, 550471
550607, 550609
550661, 550663
550811, 550813
550841, 550843
550859, 550861
550937, 550939
551231, 551233
551651, 551653
551729, 551731
551909, 551911
552029, 552031
552089, 552091
552239, 552241
552401, 552403
552491, 552493
552581, 552583
552707, 552709
552749, 552751
552791, 552793
553097, 553099
553139, 553141
553277, 553279
553589, 553591
553757, 553759
553919, 553921
553961, 553963
554087, 554089
554207, 554209
554417, 554419
554639, 554641
554789, 554791
554837, 554839
554891, 554893
555041, 555043
555251, 555253
555419, 555421
555521, 555523
555827, 555829
556067, 556069
556271, 556273
556607, 556609
556691, 556693
556817, 556819
556859, 556861
557057, 557059
557369, 557371
557519, 557521
557729, 557731
557741, 557743
557759, 557761
557801, 557803
557861, 557863
558251, 558253
558287, 558289
558497, 558499
558539, 558541
558791, 558793
558827, 558829
559049, 559051
559211, 559213
559217, 559219
559367, 559369
559511, 559513
559547, 559549
559631, 559633
560081, 560083
560171, 560173
560237, 560239
560297, 560299
560477, 560479
560489, 560491
560501, 560503
560639, 560641
560891, 560893
560939, 560941
561059, 561061
561101, 561103
561551, 561553
562019, 562021
562271, 562273
562349, 562351
562517, 562519
562577, 562579
562589, 562591
562631, 562633
562691, 562693
563009, 563011
563039, 563041
563117, 563119
563357, 563359
563411, 563413
563417, 563419
563447, 563449
563501, 563503
564059, 564061
564227, 564229
564269, 564271
564299, 564301
564371, 564373
564407, 564409
564701, 564703
564917, 564919
565109, 565111
565259, 565261
565379, 565381
565391, 565393
565427, 565429
565517, 565519
565769, 565771
565889, 565891
565907, 565909
565919, 565921
566231, 566233
566429, 566431
566441, 566443
566537, 566539
566549, 566551
566717, 566719
567011, 567013
567179, 567181
567449, 567451
567527, 567529
567659, 567661
567881, 567883
567947, 567949
568151, 568153
568187, 568189
568439, 568441
569081, 569083
569159, 569161
569249, 569251
569267, 569269
569321, 569323
569417, 569419
569579, 569581
569711, 569713
569729, 569731
569771, 569773
570041, 570043
570047, 570049
570077, 570079
570107, 570109
570389, 570391
570419, 570421
570461, 570463
570497, 570499
570509, 570511
570527, 570529
570839, 570841
570851, 570853
570959, 570961
571199, 571201
571229, 571231
571397, 571399
571601, 571603
571799, 571801
571871, 571873
572051, 572053
572177, 572179
572321, 572323
572417, 572419
572519, 572521
572597, 572599
572651, 572653
572657, 572659
572879, 572881
572939, 572941
573107, 573109
573161, 573163
573341, 573343
573479, 573481
573509, 573511
573569, 573571
573737, 573739
573761, 573763
573899, 573901
574031, 574033
574157, 574159
574181, 574183
574307, 574309
574619, 574621
574799, 574801
574967, 574969
575129, 575131
575249, 575251
575369, 575371
575429, 575431
575579, 575581
575591, 575593
575921, 575923
575957, 575959
576029, 576031
576221, 576223
576377, 576379
576551, 576553
576647, 576649
576701, 576703
576881, 576883
577007, 577009
577067, 577069
577151, 577153
577331, 577333
577349, 577351
577397, 577399
577529, 577531
577637, 577639
577937, 577939
577979, 577981
578297, 578299
578309, 578311
578399, 578401
578687, 578689
578777, 578779
578819, 578821
578957, 578959
579197, 579199
579281, 579283
579407, 579409
579497, 579499
579539, 579541
579569, 579571
579611, 579613
579641, 579643
579881, 579883
579947, 579949
580031, 580033
580079, 580081
580301, 580303
580379, 580381
580631, 580633
580691, 580693
580757, 580759
580889, 580891
581069, 581071
581099, 581101
581171, 581173
581237, 581239
581261, 581263
581351, 581353
581549, 581551
581597, 581599
581699, 581701
581729, 581731
581981, 581983
582011, 582013
582137, 582139
582221, 582223
582317, 582319
582509, 582511
582689, 582691
582719, 582721
582761, 582763
582851, 582853
582971, 582973
583019, 583021
583169, 583171
583337, 583339
583619, 583621
583859, 583861
584279, 584281
584357, 584359
584471, 584473
584789, 584791
585041, 585043
585071, 585073
585269, 585271
585839, 585841
585881, 585883
585911, 585913
585917, 585919
586121, 586123
586361, 586363
586457, 586459
586499, 586501
586541, 586543
586601, 586603
586631, 586633
586811, 586813
586919, 586921
586979, 586981
587051, 587053
587267, 587269
587549, 587551
587621, 587623
587747, 587749
587771, 587773
587969, 587971
587987, 587989
588167, 588169
588239, 588241
588359, 588361
588569, 588571
588647, 588649
588947, 588949
589109, 589111
589187, 589189
589241, 589243
589289, 589291
589451, 589453
589529, 589531
589607, 589609
589751, 589753
589859, 589861
590129, 590131
590267, 590269
590321, 590323
590657, 590659
590717, 590719
590921, 590923
591089, 591091
591161, 591163
591287, 591289
591317, 591319
591599, 591601
591749, 591751
592217, 592219
592307, 592309
592367, 592369
592391, 592393
592451, 592453
592661, 592663
593081, 593083
593141, 593143
593207, 593209
593231, 593233
593291, 593293
593321, 593323
593399, 593401
593447, 593449
593627, 593629
594161, 594163
594281, 594283
594311, 594313
594401, 594403
594467, 594469
594521, 594523
594569, 594571
594749, 594751
594821, 594823
594827, 594829
594929, 594931
594959, 594961
595037, 595039
595139, 595141
595157, 595159
595181, 595183
595379, 595381
595451, 595453
595547, 595549
595577, 595579
595709, 595711
595949, 595951
595961, 595963
596081, 596083
596117, 596119
596291, 596293
596669, 596671
596861, 596863
596927, 596929
597131, 597133
597269, 597271
597407, 597409
597521, 597523
597671, 597673
597677, 597679
597767, 597769
597899, 597901
598049, 598051
598187, 598189
598487, 598489
598649, 598651
598727, 598729
598931, 598933
599021, 599023
599147, 599149
599477, 599479
599699, 599701
599939, 599941
600071, 600073
600167, 600169
600239, 600241
600317, 600319
600359, 600361
600401, 600403
600449, 600451
600701, 600703
600881, 600883
600947, 600949
600959, 600961
601037, 601039
601187, 601189
601541, 601543
601589, 601591
602081, 602083
602141, 602143
602267, 602269
602309, 602311
602477, 602479
602687, 602689
602711, 602713
603011, 603013
603101, 603103
603131, 603133
603389, 603391
603521, 603523
603791, 603793
603851, 603853
603899, 603901
603917, 603919
603947, 603949
604649, 604651
604697, 604699
604727, 604729
604859, 604861
605021, 605023
605069, 605071
605237, 605239
605411, 605413
605531, 605533
605597, 605599
605639, 605641
606029, 606031
606077, 606079
606299, 606301
606311, 606313
606587, 606589
606731, 606733
606959, 606961
607001, 607003
607091, 607093
607127, 607129
607151, 607153
607301, 607303
607307, 607309
607337, 607339
607421, 607423
607667, 607669
607721, 607723
607931, 607933
607991, 607993
608087, 608089
608129, 608131
608297, 608299
608357, 608359
608369, 608371
608429, 608431
608519, 608521
608591, 608593
608609, 608611
608897, 608899
608987, 608989
609359, 609361
609599, 609601
609617, 609619
609779, 609781
609911, 609913
609989, 609991
610217, 610219
610541, 610543
610739, 610741
610781, 610783
610847, 610849
610877, 610879
610919, 610921
611069, 611071
611111, 611113
611549, 611551
611801, 611803
611837, 611839
611951, 611953
612041, 612043
612107, 612109
612317, 612319
612371, 612373
612611, 612613
612809, 612811
613007, 613009
613097, 613099
613229, 613231
613439, 613441
613469, 613471
613607, 613609
613967, 613969
614177, 614179
614291, 614293
614561, 614563
614609, 614611
614657, 614659
614741, 614743
614849, 614851
614981, 614983
615101, 615103
615341, 615343
615401, 615403
615491, 615493
615677, 615679
615749, 615751
615827, 615829
616139, 616141
616169, 616171
616391, 616393
616409, 616411
616787, 616789
616841, 616843
616997, 616999
617051, 617053
617129, 617131
617189, 617191
617231, 617233
617339, 617341
617471, 617473
617717, 617719
617759, 617761
618029, 618031
618227, 618229
618269, 618271
618347, 618349
618437, 618439
618587, 618589
618857, 618859
619007, 619009
619187, 619189
619277, 619279
619739, 619741
619811, 619813
619979, 619981
620159, 620161
620237, 620239
620567, 620569
620771, 620773
620909, 620911
621029, 621031
621239, 621241
621617, 621619
621629, 621631
621701, 621703
621869, 621871
622049, 622051
622157, 622159
622187, 622189
622241, 622243
622247, 622249
622331, 622333
622397, 622399
622481, 622483
622547, 622549
622619, 622621
622637, 622639
623057, 623059
623261, 623263
623279, 623281
623351, 623353
623669, 623671
623681, 623683
623717, 623719
623867, 623869
623879, 623881
624047, 624049
624311, 624313
624329, 624331
624467, 624469
624539, 624541
624599, 624601
624707, 624709
625109, 625111
625169, 625171
625367, 625369
625589, 625591
625661, 625663
625697, 625699
626009, 626011
626189, 626191
626597, 626599
626609, 626611
626621, 626623
626627, 626629
626711, 626713
627071, 627073
627089, 627091
627269, 627271
627377, 627379
627479, 627481
627617, 627619
627659, 627661
627797, 627799
628049, 628051
628217, 628219
628679, 628681
628757, 628759
628781, 628783
628799, 628801
628937, 628939
629009, 629011
629339, 629341
629381, 629383
629567, 629569
629591, 629593
629609, 629611
629687, 629689
629897, 629899
629927, 629929
629987, 629989
630167, 630169
630521, 630523
630587, 630589
630899, 630901
631151, 631153
631247, 631249
631271, 631273
631457, 631459
631469, 631471
631529, 631531
631679, 631681
631751, 631753
631817, 631819
631859, 631861
631901, 631903
631991, 631993
632081, 632083
632087, 632089
632297, 632299
632321, 632323
632327, 632329
632351, 632353
632501, 632503
632627, 632629
632939, 632941
633377, 633379
633461, 633463
633467, 633469
633569, 633571
633791, 633793
633797, 633799
634157, 634159
634649, 634651
634679, 634681
634757, 634759
634859, 634861
634901, 634903
634937, 634939
635147, 635149
635249, 635251
635291, 635293
635351, 635353
635387, 635389
635729, 635731
635891, 635893
635981, 635983
636059, 636061
636071, 636073
636107, 636109
636407, 636409
636539, 636541
636719, 636721
636761, 636763
636917, 636919
637001, 637003
637199, 637201
637319, 637321
637337, 637339
637421, 637423
637529, 637531
637601, 637603
637709, 637711
637727, 637729
637781, 637783
637829, 637831
637937, 637939
638159, 638161
638177, 638179
638717, 638719
639167, 639169
639257, 639259
639491, 639493
639599, 639601
639677, 639679
639701, 639703
639851, 639853
640007, 640009
640151, 640153
640229, 640231
640247, 640249
640259, 640261
640529, 640531
640667, 640669
641129, 641131
641411, 641413
641519, 641521
641549, 641551
641579, 641581
641747, 641749
641789, 641791
641819, 641821
642011, 642013
642077, 642079
642149, 642151
642197, 642199
642359, 642361
642527, 642529
642737, 642739
642797, 642799
642869, 642871
643301, 643303
643649, 643651
643691, 643693
643847, 643849
644051, 644053
644129, 644131
644141, 644143
644381, 644383
644489, 644491
644597, 644599
644669, 644671
644729, 644731
644867, 644869
644909, 644911
645011, 645013
645431, 645433
645497, 645499
645527, 645529
645581, 645583
645647, 645649
645737, 645739
646157, 646159
646181, 646183
646271, 646273
646307, 646309
646421, 646423
646571, 646573
646979, 646981
646991, 646993
647111, 647113
647261, 647263
647357, 647359
647399, 647401
647741, 647743
647837, 647839
647891, 647893
647951, 647953
648059, 648061
648257, 648259
648341, 648343
648377, 648379
648617, 648619
648629, 648631
648887, 648889
649079, 649081
649277, 649279
649379, 649381
649421, 649423
649469, 649471
649499, 649501
649631, 649633
649769, 649771
649799, 649801
649877, 649879
650327, 650329
650477, 650479
650759, 650761
650861, 650863
651017, 651019
651179, 651181
651191, 651193
651221, 651223
651437, 651439
651647, 651649
651731, 651733
651767, 651769
651809, 651811
651839, 651841
652079, 652081
652241, 652243
652319, 652321
652451, 652453
652541, 652543
652607, 652609
652739, 652741
652931, 652933
652997, 652999
653111, 653113
653207, 653209
653501, 653503
653537, 653539
653561, 653563
653621, 653623
653711, 653713
653879, 653881
653927, 653929
654161, 654163
654167, 654169
654221, 654223
654527, 654529
654539, 654541
654611, 654613
654779, 654781
655001, 655003
655241, 655243
655559, 655561
655649, 655651
655847, 655849
656321, 656323
656597, 656599
656681, 656683
657047, 657049
657089, 657091
657311, 657313
657491, 657493
657497, 657499
657581, 657583
657659, 657661
657929, 657931
658277, 658279
658319, 658321
658349, 658351
658547, 658549
658589, 658591
658751, 658753
658871, 658873
658961, 658963
659171, 659173
659609, 659611
659669, 659671
659759, 659761
659999, 660001
660071, 660073
660197, 660199
660347, 660349
660377, 660379
660557, 660559
660599, 660601
660617, 660619
660659, 660661
660731, 660733
660809, 660811
660851, 660853
660899, 660901
661091, 661093
661097, 661099
661187, 661189
661481, 661483
661877, 661879
661949, 661951
662141, 662143
662351, 662353
662537, 662539
662771, 662773
662897, 662899
662939, 662941
662951, 662953
662999, 663001
663161, 663163
663239, 663241
663281, 663283
663407, 663409
663539, 663541
663569, 663571
663581, 663583
663587, 663589
663599, 663601
663659, 663661
663821, 663823
663959, 663961
663977, 663979
664121, 664123
664271, 664273
664379, 664381
664619, 664621
664661, 664663
664667, 664669
664691, 664693
664847, 664849
665051, 665053
665111, 665113
665177, 665179
665501, 665503
665801, 665803
665921, 665923
665981, 665983
666089, 666091
666431, 666433
666437, 666439
666527, 666529
666557, 666559
666647, 666649
666749, 666751
666821, 666823
667019, 667021
667127, 667129
667241, 667243
667361, 667363
667421, 667423
667547, 667549
667559, 667561
667697, 667699
667817, 667819
667859, 667861
668201, 668203
668531, 668533
668579, 668581
668609, 668611
668867, 668869
669089, 669091
669287, 669289
669377, 669379
669479, 669481
669659, 669661
669677, 669679
669857, 669859
670037, 670039
670049, 670051
670097, 670099
670487, 670489
670541, 670543
670727, 670729
671159, 671161
671777, 671779
671939, 671941
671969, 671971
672041, 672043
672167, 672169
672227, 672229
672377, 672379
672641, 672643
672779, 672781
672869, 672871
673091, 673093
673109, 673111
673199, 673201
673271, 673273
673397, 673399
673427, 673429
673457, 673459
673637, 673639
673667, 673669
674057, 674059
674159, 674161
674699, 674701
674717, 674719
674759, 674761
674831, 674833
675131, 675133
675161, 675163
675251, 675253
675539, 675541
675551, 675553
675839, 675841
675929, 675931
675977, 675979
676007, 676009
676217, 676219
676337, 676339
676409, 676411
676859, 676861
676979, 676981
677111, 677113
677231, 677233
677309, 677311
677321, 677323
677459, 677461
677471, 677473
677531, 677533
677561, 677563
677681, 677683
678101, 678103
678341, 678343
678407, 678409
678479, 678481
678647, 678649
678719, 678721
678761, 678763
678941, 678943
679037, 679039
679169, 679171
679277, 679279
679361, 679363
679517, 679519
679751, 679753
679907, 679909
680081, 680083
680159, 680161
680291, 680293
680297, 680299
680399, 680401
680441, 680443
680507, 680509
680567, 680569
680879, 680881
680987, 680989
681047, 681049
681089, 681091
681251, 681253
681257, 681259
681407, 681409
681449, 681451
681521, 681523
681839, 681841
681977, 681979
682151, 682153
682289, 682291
682697, 682699
683477, 683479
683651, 683653
683699, 683701
683819, 683821
683831, 683833
683861, 683863
683909, 683911
684119, 684121
684287, 684289
684347, 684349
684557, 684559
684767, 684769
684791, 684793
685247, 685249
685337, 685339
685367, 685369
685427, 685429
685511, 685513
686009, 686011
686027, 686029
686039, 686041
686087, 686089
686141, 686143
686267, 686269
686669, 686671
686729, 686731
686891, 686893
686969, 686971
687017, 687019
687107, 687109
687161, 687163
687341, 687343
687431, 687433
687521, 687523
688451, 688453
689459, 689461
689597, 689599
689867, 689869
689891, 689893
689957, 689959
690269, 690271
690491, 690493
690509, 690511
690719, 690721
690839, 690841
690869, 690871
690887, 690889
691109, 691111
691151, 691153
691181, 691183
691589, 691591
691721, 691723
691727, 691729
691841, 691843
691919, 691921
692147, 692149
692297, 692299
692387, 692389
692399, 692401
692537, 692539
692927, 692929
693167, 693169
693401, 693403
693527, 693529
693569, 693571
693659, 693661
693689, 693691
693731, 693733
693827, 693829
694079, 694081
694259, 694261
694271, 694273
694481, 694483
694511, 694513
694649, 694651
694781, 694783
694829, 694831
694871, 694873
694997, 694999
695087, 695089
695327, 695329
695369, 695371
695687, 695689
695879, 695881
696077, 696079
696107, 696109
696359, 696361
696719, 696721
696809, 696811
696851, 696853
696887, 696889
696989, 696991
697259, 697261
697379, 697381
697397, 697399
697511, 697513
697601, 697603
697691, 697693
697727, 697729
697757, 697759
698051, 698053
698249, 698251
698261, 698263
698417, 698419
699287, 699289
699527, 699529
699539, 699541
699791, 699793
700079, 700081
700127, 700129
700199, 700201
700277, 700279
700361, 700363
700391, 700393
700571, 700573
701009, 701011
701177, 701179
701219, 701221
701357, 701359
701399, 701401
701417, 701419
701507, 701509
701579, 701581
701609, 701611
701627, 701629
701669, 701671
702137, 702139
702281, 702283
702311, 702313
702347, 702349
702431, 702433
702587, 702589
702731, 702733
702851, 702853
703121, 703123
703139, 703141
703229, 703231
703559, 703561
703709, 703711
704027, 704029
704279, 704281
704447, 704449
704549, 704551
704567, 704569
704579, 704581
704777, 704779
704861, 704863
705011, 705013
705161, 705163
705167, 705169
705491, 705493
705779, 705781
705827, 705829
706001, 706003
706049, 706051
706157, 706159
706631, 706633
706751, 706753
706919, 706921
707027, 707029
707429, 707431
707561, 707563
707669, 707671
707951, 707953
707981, 707983
708047, 708049
708137, 708139
708161, 708163
708221, 708223
708359, 708361
708479, 708481
708599, 708601
708857, 708859
708989, 708991
709139, 709141
709151, 709153
709271, 709273
709349, 709351
709451, 709453
709607, 709609
709649, 709651
709691, 709693
709739, 709741
710051, 710053
710219, 710221
710321, 710323
710441, 710443
710621, 710623
710777, 710779
710837, 710839
710849, 710851
710909, 710911
710987, 710989
711017, 711019
711131, 711133
711497, 711499
711707, 711709
711749, 711751
712169, 712171
712301, 712303
712319, 712321
712427, 712429
712571, 712573
712601, 712603
712841, 712843
712889, 712891
713147, 713149
713189, 713191
713309, 713311
713351, 713353
713597, 713599
713831, 713833
713861, 713863
713939, 713941
714479, 714481
714839, 714841
714851, 714853
714947, 714949
715151, 715153
715157, 715159
715301, 715303
715439, 715441
715577, 715579
715679, 715681
715877, 715879
715961, 715963
716171, 716173
716411, 716413
716447, 716449
716477, 716479
716741, 716743
716897, 716899
716951, 716953
717089, 717091
717149, 717151
717527, 717529
717917, 717919
718049, 718051
718169, 718171
718379, 718381
718511, 718513
719009, 719011
719177, 719179
719237, 719239
719351, 719353
719567, 719569
719597, 719599
719681, 719683
720089, 720091
720281, 720283
720299, 720301
720359, 720361
720569, 720571
720617, 720619
720791, 720793
720899, 720901
721109, 721111
721139, 721141
721319, 721321
721379, 721381
721619, 721621
721661, 721663
722147, 722149
722537, 722539
723029, 723031
723101, 723103
723167, 723169
723257, 723259
723269, 723271
723407, 723409
723491, 723493
723551, 723553
723587, 723589
723797, 723799
723857, 723859
724121, 724123
724517, 724519
724721, 724723
724781, 724783
724901, 724903
724991, 724993
725111, 725113
725147, 725149
725159, 725161
725321, 725323
725357, 725359
725447, 725449
725861, 725863
725981, 725983
726107, 726109
726137, 726139
726287, 726289
726377, 726379
726599, 726601
726809, 726811
726839, 726841
726989, 726991
727019, 727021
727061, 727063
727121, 727123
727157, 727159
727247, 727249
727271, 727273
727499, 727501
727877, 727879
728129, 728131
728207, 728209
728267, 728269
728381, 728383
728699, 728701
728729, 728731
728837, 728839
728867, 728869
728927, 728929
728969, 728971
729269, 729271
729329, 729331
729371, 729373
729557, 729559
729569, 729571
729941, 729943
729977, 729979
730397, 730399
730571, 730573
730589, 730591
730781, 730783
731189, 731191
731249, 731251
731501, 731503
731681, 731683
731711, 731713
731909, 731911
731921, 731923
732077, 732079
732209, 732211
732491, 732493
732827, 732829
733097, 733099
733331, 733333
733391, 733393
733517, 733519
733559, 733561
733751, 733753
733847, 733849
733919, 733921
733937, 733939
734429, 734431
734471, 734473
734477, 734479
734957, 734959
735071, 735073
735107, 735109
735209, 735211
735389, 735391
735419, 735421
735731, 735733
736037, 736039
736061, 736063
736091, 736093
736247, 736249
736277, 736279
736361, 736363
736367, 736369
736469, 736471
737039, 737041
737129, 737131
737279, 737281
737291, 737293
737351, 737353
737411, 737413
737507, 737509
737531, 737533
737591, 737593
737717, 737719
737927, 737929
738107, 738109
738317, 738319
738401, 738403
738581, 738583
738917, 738919
739199, 739201
739301, 739303
739391, 739393
739397, 739399
739511, 739513
739601, 739603
739631, 739633
739859, 739861
739967, 739969
740021, 740023
740141, 740143
740189, 740191
740321, 740323
740651, 740653
740711, 740713
740891, 740893
741077, 741079
741119, 741121
741227, 741229
741341, 741343
741467, 741469
741491, 741493
741677, 741679
741857, 741859
742151, 742153
742199, 742201
742211, 742213
742241, 742243
742697, 742699
742757, 742759
742991, 742993
743129, 743131
743159, 743161
743177, 743179
743549, 743551
743669, 743671
743777, 743779
743849, 743851
743921, 743923
743987, 743989
744251, 744253
744389, 744391
744407, 744409
744659, 744661
745187, 745189
745247, 745249
745529, 745531
745697, 745699
745709, 745711
745751, 745753
745931, 745933
746099, 746101
746231, 746233
746411, 746413
746477, 746479
746507, 746509
746531, 746533
746561, 746563
746747, 746749
746957, 746959
747449, 747451
747497, 747499
747827, 747829
747839, 747841
747869, 747871
747917, 747919
747977, 747979
748019, 748021
748091, 748093
748217, 748219
748271, 748273
748337, 748339
748637, 748639
748817, 748819
748829, 748831
749081, 749083
749297, 749299
749429, 749431
749807, 749809
749891, 749893
749939, 749941
