250049, 250051
250499, 250501
250739, 250741
250751, 250753
250949, 250951
250967, 250969
251057, 251059
251177, 251179
251201, 251203
251219, 251221
251231, 251233
251261, 251263
251429, 251431
251609, 251611
251621, 251623
251789, 251791
251831, 251833
251939, 251941
251969, 251971
252827, 252829
252911, 252913
253157, 253159
253367, 253369
253607, 253609
253637, 253639
253679, 253681
253787, 253789
253907, 253909
253949, 253951
254039, 254041
254207, 254209
254279, 254281
254489, 254491
254729, 254731
254831, 254833
254927, 254929
255179, 255181
255191, 255193
255251, 255253
255467, 255469
255587, 255589
255839, 255841
255917, 255919
255971, 255973
256019, 256021
256031, 256033
256187, 256189
256391, 256393
256469, 256471
256577, 256579
256721, 256723
256799, 256801
256901, 256903
257219, 257221
257351, 257353
257399, 257401
257501, 257503
257687, 257689
257711, 257713
257861, 257863
257867, 257869
257987, 257989
258107, 258109
258317, 258319
258329, 258331
258611, 258613
258917, 258919
259121, 259123
259157, 259159
259211, 259213
259379, 259381
259451, 259453
259619, 259621
259781, 259783
259991, 259993
260009, 260011
260189, 260191
260207, 260209
260411, 260413
260417, 260419
260549, 260551
260807, 260809
260861, 260863
261011, 261013
261059, 261061
261167, 261169
261431, 261433
261641, 261643
261971, 261973
262049, 262051
262109, 262111
262151, 262153
262349, 262351
262511, 262513
262541, 262543
262649, 262651
262739, 262741
262781, 262783
263267, 263269
263399, 263401
263489, 263491
263519, 263521
263609, 263611
263759, 263761
263819, 263821
263867, 263869
263909, 263911
263951, 263953
264029, 264031
264137, 264139
264167, 264169
264527, 264529
264599, 264601
264791, 264793
264827, 264829
264959, 264961
265091, 265093
265247, 265249
265271, 265273
265337, 265339
265511, 265513
265541, 265543
265619, 265621
265709, 265711
265871, 265873
266027, 266029
266051, 266053
266081, 266083
266291, 266293
266351, 266353
266447, 266449
266477, 266479
266489, 266491
266681, 266683
266687, 266689
266837, 266839
266897, 266899
267131, 267133
267227, 267229
267299, 267301
267389, 267391
267401, 267403
267431, 267433
267479, 267481
267521, 267523
267611, 267613
267647, 267649
267677, 267679
267719, 267721
267737, 267739
267899, 267901
267959, 267961
268517, 268519
268529, 268531
268757, 268759
268781, 268783
268811, 268813
268817, 268819
268841, 268843
268997, 268999
269039, 269041
269177, 269179
269219, 269221
269387, 269389
269429, 269431
270029, 270031
270071, 270073
270131, 270133
270239, 270241
270269, 270271
270461, 270463
270551, 270553
270761, 270763
270797, 270799
271127, 271129
271277, 271279
271499, 271501
271571, 271573
271637, 271639
271769, 271771
271967, 271969
272009, 272011
272189, 272191
272201, 272203
272267, 272269
272351, 272353
272381, 272383
272537, 272539
272717, 272719
272759, 272761
272807, 272809
272981, 272983
272999, 273001
273059, 273061
273269, 273271
273281, 273283
273311, 273313
273641, 273643
273899, 273901
273941, 273943
274121, 274123
274199, 274201
274451, 274453
274709, 274711
274829, 274831
275129, 275131
275159, 275161
275321, 275323
275447, 275449
275459, 275461
275489, 275491
275579, 275581
275591, 275593
275921, 275923
275939, 275941
276041, 276043
276047, 276049
276371, 276373
276587, 276589
276671, 276673
276779, 276781
276821, 276823
276917, 276919
277097, 277099
277259, 277261
277427, 277429
277547, 277549
277577, 277579
277601, 277603
277637, 277639
277787, 277789
277889, 277891
278147, 278149
278207, 278209
278489, 278491
278501, 278503
278561, 278563
278609, 278611
278687, 278689
278741, 278743
278807, 278809
278879, 278881
278909, 278911
279119, 279121
279479, 279481
279551, 279553
279707, 279709
280097, 280099
280337, 280339
280409, 280411
280547, 280549
280589, 280591
280697, 280699
280769, 280771
281189, 281191
281249, 281251
281429, 281431
281549, 281551
281579, 281581
281621, 281623
281651, 281653
281717, 281719
281837, 281839
281921, 281923
282089, 282091
282101, 282103
282239, 282241
282311, 282313
282389, 282391
282407, 282409
282677, 282679
282767, 282769
282911, 282913
283007, 283009
283097, 283099
283181, 283183
283487, 283489
283571, 283573
283607, 283609
283637, 283639
283769, 283771
283859, 283861
284057, 284059
284129, 284131
284159, 284161
284231, 284233
284267, 284269
284507, 284509
284591, 284593
284657, 284659
284729, 284731
284741, 284743
284747, 284749
284831, 284833
284897, 284899
285119, 285121
285281, 285283
285287, 285289
285557, 285559
285611, 285613
285629, 285631
285641, 285643
285707, 285709
285839, 285841
285977, 285979
286061, 286063
286367, 286369
286457, 286459
286541, 286543
286589, 286591
286751, 286753
287057, 287059
287237, 287239
287279, 287281
287501, 287503
287669, 287671
287849, 287851
288179, 288181
288359, 288361
288527, 288529
288647, 288649
288731, 288733
288851, 288853
288929, 288931
288989, 288991
289019, 289021
289031, 289033
289109, 289111
289127, 289129
289139, 289141
289169, 289171
289241, 289243
289841, 289843
290021, 290023
290039, 290041
290441, 290443
290471, 290473
290531, 290533
290621, 290623
290657, 290659
290669, 290671
290837, 290839
291041, 291043
291101, 291103
291167, 291169
291371, 291373
291437, 291439
291647, 291649
291689, 291691
291899, 291901
292079, 292081
292091, 292093
292181, 292183
292469, 292471
292709, 292711
293147, 293149
293177, 293179
293261, 293263
293861, 293863
293999, 294001
294167, 294169
294179, 294181
294311, 294313
294317, 294319
294647, 294649
294947, 294949
294989, 294991
295037, 295039
295079, 295081
295199, 295201
295439, 295441
295871, 295873
295877, 295879
295901, 295903
295949, 295951
296249, 296251
296477, 296479
296507, 296509
296561, 296563
296579, 296581
296729, 296731
296771, 296773
296831, 296833
296909, 296911
296969, 296971
296981, 296983
297467, 297469
297809, 297811
297989, 297991
298157, 298159
298169, 298171
298211, 298213
298409, 298411
298679, 298681
298691, 298693
298757, 298759
298799, 298801
298817, 298819
299027, 299029
299357, 299359
299417, 299419
299471, 299473
299477, 299479
299567, 299569
299681, 299683
299699, 299701
300149, 300151
300191, 300193
300299, 300301
300317, 300319
300491, 300493
300497, 300499
300581, 300583
300647, 300649
300719, 300721
300821, 300823
300929, 300931
301181, 301183
301241, 301243
301331, 301333
301361, 301363
301487, 301489
301577, 301579
301751, 301753
301841, 301843
301991, 301993
301997, 301999
302171, 302173
302189, 302191
302297, 302299
302579, 302581
302831, 302833
302969, 302971
303011, 303013
303089, 303091
303377, 303379
303491, 303493
303551, 303553
303617, 303619
303647, 303649
303689, 303691
304067, 304069
304151, 304153
304301, 304303
304391, 304393
304457, 304459
304559, 304561
304847, 304849
304901, 304903
304979, 304981
305021, 305023
305111, 305113
305351, 305353
305411, 305413
305477, 305479
305717, 305719
305741, 305743
305759, 305761
306167, 306169
306191, 306193
306329, 306331
306347, 306349
306419, 306421
306587, 306589
306701, 306703
306827, 306829
306947, 306949
307031, 307033
307091, 307093
307169, 307171
307187, 307189
307259, 307261
307337, 307339
307397, 307399
307631, 307633
307691, 307693
307871, 307873
308291, 308293
308309, 308311
308489, 308491
308507, 308509
308519, 308521
308639, 308641
308849, 308851
308927, 308929
309011, 309013
309107, 309109
309269, 309271
309311, 309313
309479, 309481
309521, 309523
309539, 309541
309779, 309781
309851, 309853
309929, 309931
310019, 310021
310127, 310129
310229, 310231
310361, 310363
310727, 310729
310829, 310831
311291, 311293
311537, 311539
311567, 311569
311681, 311683
311711, 311713
311747, 311749
311867, 311869
312029, 312031
312071, 312073
312197, 312199
312209, 312211
312251, 312253
312281, 312283
312311, 312313
312551, 312553
312581, 312583
312617, 312619
312677, 312679
312701, 312703
312839, 312841
312929, 312931
312941, 312943
313127, 313129
313151, 313153
313331, 313333
313637, 313639
313739, 313741
313931, 313933
313979, 313981
313991, 313993
314159, 314161
314261, 314263
314357, 314359
314399, 314401
314597, 314599
314777, 314779
315011, 315013
315179, 315181
315407, 315409
315449, 315451
315527, 315529
315701, 315703
315881, 315883
316031, 316033
316241, 316243
316469, 316471
316499, 316501
316661, 316663
316697, 316699
316817, 316819
316859, 316861
317087, 317089
317267, 317269
317321, 317323
317351, 317353
317489, 317491
317591, 317593
317729, 317731
317741, 317743
317771, 317773
317921, 317923
317957, 317959
317969, 317971
318179, 318181
318209, 318211
318287, 318289
318299, 318301
318347, 318349
318557, 318559
318677, 318679
318749, 318751
318809, 318811
318881, 318883
318917, 318919
319127, 319129
319439, 319441
319589, 319591
319679, 319681
319727, 319729
319817, 319819
319829, 319831
320009, 320011
320039, 320041
320081, 320083
320141, 320143
320237, 320239
320267, 320269
320291, 320293
320387, 320389
320561, 320563
320609, 320611
320657, 320659
320939, 320941
321311, 321313
321329, 321331
321467, 321469
321569, 321571
321617, 321619
321707, 321709
321821, 321823
321947, 321949
322037, 322039
322109, 322111
322169, 322171
322247, 322249
322349, 322351
322571, 322573
322589, 322591
322631, 322633
322769, 322771
322781, 322783
322919, 322921
322997, 322999
323249, 323251
323339, 323341
323369, 323371
323381, 323383
323441, 323443
323471, 323473
323507, 323509
323579, 323581
323597, 323599
323801, 323803
324209, 324211
324299, 324301
324437, 324439
324449, 324451
324587, 324589
324617, 324619
324809, 324811
324869, 324871
324977, 324979
325019, 325021
325079, 325081
325187, 325189
325217, 325219
325229, 325231
325307, 325309
325541, 325543
325691, 325693
325751, 325753
325781, 325783
325889, 325891
326099, 326101
326141, 326143
326147, 326149
326351, 326353
326537, 326539
326561, 326563
326609, 326611
326657, 326659
326867, 326869
326939, 326941
326999, 327001
327209, 327211
327317, 327319
327407, 327409
327419, 327421
327491, 327493
327557, 327559
327581, 327583
327737, 327739
327797, 327799
327827, 327829
327851, 327853
327869, 327871
328061, 328063
328127, 328129
328331, 328333
328379, 328381
328511, 328513
328589, 328591
328619, 328621
328637, 328639
328787, 328789
328847, 328849
328919, 328921
329081, 329083
329207, 329209
329267, 329269
329297, 329299
329471, 329473
329627, 329629
329801, 329803
330017, 330019
330131, 330133
330227, 330229
330287, 330289
330311, 330313
330329, 330331
330431, 330433
330641, 330643
330719, 330721
330791, 330793
330821, 330823
330857, 330859
331337, 331339
331367, 331369
331547, 331549
331577, 331579
331691, 331693
331841, 331843
331907, 331909
331997, 331999
332009, 332011
332159, 332161
332201, 332203
332219, 332221
332471, 332473
332567, 332569
332987, 332989
333029, 333031
333101, 333103
333269, 333271
333449, 333451
333491, 333493
333719, 333721
333791, 333793
334331, 334333
334421, 334423
334427, 334429
334511, 334513
334547, 334549
334751, 334753
334889, 334891
334991, 334993
335171, 335173
335381, 335383
335807, 335809
336029, 336031
336101, 336103
336221, 336223
336251, 336253
336527, 336529
336767, 336769
336827, 336829
336899, 336901
337217, 337219
337277, 337279
337367, 337369
337487, 337489
337541, 337543
337607, 337609
337859, 337861
337871, 337873
337901, 337903
338159, 338161
338267, 338269
338321, 338323
338339, 338341
338411, 338413
338579, 338581
339137, 339139
339671, 339673
339749, 339751
339839, 339841
340061, 340063
340127, 340129
340337, 340339
340451, 340453
340577, 340579
340787, 340789
340931, 340933
340937, 340939
341057, 341059
341321, 341323
341459, 341461
341771, 341773
341951, 341953
342047, 342049
342059, 342061
342071, 342073
342239, 342241
342281, 342283
342341, 342343
342371, 342373
342449, 342451
342467, 342469
342869, 342871
343307, 343309
343379, 343381
343391, 343393
343529, 343531
343559, 343561
343589, 343591
343769, 343771
343799, 343801
343829, 343831
344171, 344173
344207, 344209
344249, 344251
344291, 344293
344681, 344683
344819, 344821
344957, 344959
345017, 345019
345227, 345229
345461, 345463
345599, 345601
345731, 345733
345887, 345889
346139, 346141
346259, 346261
346391, 346393
346397, 346399
346439, 346441
346559, 346561
346649, 346651
346667, 346669
346961, 346963
347057, 347059
347069, 347071
347129, 347131
347141, 347143
347297, 347299
347561, 347563
347729, 347731
347771, 347773
347957, 347959
347981, 347983
347987, 347989
348239, 348241
348419, 348421
348431, 348433
348461, 348463
348917, 348919
348989, 348991
349079, 349081
349379, 349381
349397, 349399
349409, 349411
349829, 349831
349931, 349933
350087, 350089
350429, 350431
350561, 350563
350729, 350731
350981, 350983
351059, 351061
351077, 351079
351257, 351259
351287, 351289
351341, 351343
351359, 351361
351731, 351733
351749, 351751
351929, 351931
352109, 352111
352271, 352273
352367, 352369
352409, 352411
352421, 352423
352481, 352483
352739, 352741
352817, 352819
352907, 352909
352949, 352951
353147, 353149
353201, 353203
353471, 353473
353627, 353629
353867, 353869
354041, 354043
354251, 354253
354257, 354259
354371, 354373
354461, 354463
354551, 354553
354701, 354703
354881, 354883
354971, 354973
355007, 355009
355037, 355039
355109, 355111
355361, 355363
355499, 355501
355517, 355519
355571, 355573
355721, 355723
355937, 355939
355967, 355969
356141, 356143
356171, 356173
356261, 356263
356441, 356443
356561, 356563
356819, 356821
356927, 356929
357107, 357109
357197, 357199
357239, 357241
357281, 357283
357347, 357349
357569, 357571
357611, 357613
357659, 357661
357737, 357739
357779, 357781
358157, 358159
358277, 358279
358289, 358291
358427, 358429
358571, 358573
358667, 358669
358859, 358861
358877, 358879
358901, 358903
358907, 358909
359207, 359209
359297, 359299
359417, 359419
359477, 359479
359561, 359563
360089, 360091
360167, 360169
360287, 360289
360509, 360511
360779, 360781
360821, 360823
360851, 360853
360947, 360949
360977, 360979
361001, 361003
361091, 361093
361211, 361213
361217, 361219
361349, 361351
361409, 361411
361649, 361651
361787, 361789
361871, 361873
361901, 361903
362051, 362053
362291, 362293
362429, 362431
362741, 362743
362951, 362953
363017, 363019
363059, 363061
363149, 363151
363269, 363271
363359, 363361
363371, 363373
363401, 363403
363437, 363439
363887, 363889
363947, 363949
364127, 364129
364289, 364291
364541, 364543
364751, 364753
364919, 364921
365249, 365251
365291, 365293
365411, 365413
365471, 365473
365507, 365509
365567, 365569
365639, 365641
365747, 365749
365837, 365839
366029, 366031
366167, 366169
366341, 366343
366437, 366439
366461, 366463
366701, 366703
366851, 366853
367019, 367021
367121, 367123
367229, 367231
367259, 367261
367307, 367309
367559, 367561
367649, 367651
368231, 368233
368651, 368653
368789, 368791
368801, 368803
369077, 369079
369407, 369409
369659, 369661
369791, 369793
369827, 369829
369959, 369961
370421, 370423
370439, 370441
370661, 370663
370871, 370873
371027, 371029
371069, 371071
371141, 371143
371177, 371179
371249, 371251
371339, 371341
371387, 371389
371927, 371929
371939, 371941
372059, 372061
372269, 372271
372311, 372313
372611, 372613
372707, 372709
372941, 372943
372971, 372973
373181, 373183
373211, 373213
373229, 373231
373361, 373363
373487, 373489
373859, 373861
374039, 374041
374291, 374293
374441, 374443
374639, 374641
374681, 374683
374837, 374839
374987, 374989
375017, 375019
375101, 375103
375119, 375121
375251, 375253
375257, 375259
375281, 375283
375371, 375373
375449, 375451
375509, 375511
375707, 375709
375899, 375901
376001, 376003
376097, 376099
376469, 376471
376529, 376531
376631, 376633
376757, 376759
376889, 376891
376931, 376933
377171, 377173
377327, 377329
377369, 377371
377561, 377563
378149, 378151
378239, 378241
378569, 378571
378821, 378823
379007, 379009
379187, 379189
379397, 379399
379439, 379441
379499, 379501
379571, 379573
379679, 379681
379721, 379723
379997, 379999
380129, 380131
380201, 380203
380267, 380269
380309, 380311
380327, 380329
380459, 380461
380621, 380623
380837, 380839
380867, 380869
380879, 380881
381167, 381169
381221, 381223
381287, 381289
381371, 381373
381527, 381529
381629, 381631
381737, 381739
381791, 381793
381989, 381991
382001, 382003
382229, 382231
382427, 382429
382661, 382663
382727, 382729
382871, 382873
383081, 383083
383099, 383101
383219, 383221
383417, 383419
383519, 383521
383609, 383611
383657, 383659
383681, 383683
383837, 383839
384257, 384259
384287, 384289
384299, 384301
384479, 384481
385079, 385081
385127, 385129
385139, 385141
385289, 385291
385391, 385393
385571, 385573
385589, 385591
385661, 385663
385739, 385741
386039, 386041
386117, 386119
386129, 386131
386159, 386161
386297, 386299
386369, 386371
386381, 386383
386411, 386413
386429, 386431
386609, 386611
386987, 386989
387197, 387199
387677, 387679
387911, 387913
387971, 387973
388109, 388111
388181, 388183
388481, 388483
388691, 388693
388697, 388699
388901, 388903
388931, 388933
388961, 388963
389027, 389029
389171, 389173
389297, 389299
389399, 389401
389531, 389533
389561, 389563
389567, 389569
389999, 390001
390107, 390109
390191, 390193
390209, 390211
390389, 390391
390419, 390421
390491, 390493
390671, 390673
390737, 390739
390959, 390961
390989, 390991
391019, 391021
391217, 391219
391247, 391249
391397, 391399
391451, 391453
391691, 391693
391751, 391753
391889, 391891
392099, 392101
392111, 392113
392261, 392263
392267, 392269
392279, 392281
392297, 392299
392759, 392761
392807, 392809
392849, 392851
392927, 392929
392981, 392983
393077, 393079
393299, 393301
393401, 393403
393539, 393541
393581, 393583
393857, 393859
393929, 393931
394367, 394369
394409, 394411
394577, 394579
394631, 394633
394727, 394729
394811, 394813
394817, 394819
394967, 394969
395111, 395113
395189, 395191
395321, 395323
395429, 395431
395849, 395851
396029, 396031
396041, 396043
396197, 396199
396299, 396301
396377, 396379
396629, 396631
396881, 396883
397151, 397153
397181, 397183
397301, 397303
397427, 397429
397517, 397519
397541, 397543
397547, 397549
397589, 397591
397721, 397723
397751, 397753
397757, 397759
398117, 398119
398339, 398341
398471, 398473
398609, 398611
398681, 398683
398729, 398731
398819, 398821
399149, 399151
399239, 399241
399281, 399283
399389, 399391
399401, 399403
399491, 399493
399689, 399691
399851, 399853
399911, 399913
400031, 400033
400067, 400069
400247, 400249
400679, 400681
400721, 400723
401309, 401311
401537, 401539
401627, 401629
401669, 401671
401771, 401773
401957, 401959
402089, 402091
402131, 402133
402137, 402139
402221, 402223
402329, 402331
402341, 402343
402359, 402361
402527, 402529
402581, 402583
402761, 402763
402767, 402769
402947, 402949
403001, 403003
403061, 403063
403241, 403243
403547, 403549
403679, 403681
403829, 403831
403979, 403981
404009, 404011
404189, 404191
404249, 404251
404267, 404269
404321, 404323
404387, 404389
404429, 404431
404531, 404533
404849, 404851
404981, 404983
405047, 405049
405071, 405073
405089, 405091
405239, 405241
405341, 405343
405437, 405439
405497, 405499
405527, 405529
405677, 405679
405701, 405703
405827, 405829
405869, 405871
405947, 405949
405989, 405991
406169, 406171
406499, 406501
406559, 406561
406577, 406579
406631, 406633
406697, 406699
407177, 407179
407219, 407221
407357, 407359
407501, 407503
407789, 407791
407969, 407971
408209, 408211
408431, 408433
408689, 408691
408701, 408703
408911, 408913
409259, 409261
409289, 409291
409349, 409351
409691, 409693
409709, 409711
409889, 409891
410117, 410119
410141, 410143
410171, 410173
410231, 410233
410279, 410281
410339, 410341
410411, 410413
410489, 410491
410621, 410623
410747, 410749
410999, 411001
411011, 411013
411251, 411253
411527, 411529
411611, 411613
411707, 411709
411737, 411739
411821, 411823
412031, 412033
412037, 412039
412187, 412189
412211, 412213
412589, 412591
412637, 412639
412901, 412903
413069, 413071
413087, 413089
413111, 413113
413141, 413143
413681, 413683
413711, 413713
413867, 413869
414017, 414019
414107, 414109
414311, 414313
414329, 414331
414431, 414433
414641, 414643
414677, 414679
414707, 414709
414767, 414769
415109, 415111
415187, 415189
415271, 415273
415379, 415381
415607, 415609
415799, 415801
415949, 415951
416147, 416149
416387, 416389
416399, 416401
416417, 416419
416441, 416443
416501, 416503
416621, 416623
416849, 416851
417017, 417019
417377, 417379
417491, 417493
417509, 417511
417581, 417583
417719, 417721
417731, 417733
417881, 417883
417959, 417961
418007, 418009
418337, 418339
418349, 418351
418601, 418603
418631, 418633
418811, 418813
419051, 419053
419057, 419059
419189, 419191
419561, 419563
419597, 419599
419789, 419791
419801, 419803
419927, 419929
419999, 420001
420191, 420193
420269, 420271
420317, 420319
420419, 420421
420479, 420481
420569, 420571
420779, 420781
420809, 420811
420851, 420853
420857, 420859
421079, 421081
421121, 421123
421469, 421471
421607, 421609
421697, 421699
421709, 421711
421739, 421741
422087, 422089
422099, 422101
422111, 422113
422309, 422311
422549, 422551
422759, 422761
422867, 422869
422879, 422881
422897, 422899
423257, 423259
423287, 423289
423461, 423463
423557, 423559
423749, 423751
423779, 423781
423989, 423991
424001, 424003
424091, 424093
424271, 424273
424547, 424549
424727, 424729
424769, 424771
424817, 424819
424841, 424843
424889, 424891
425057, 425059
425147, 425149
425279, 425281
425417, 425419
425441, 425443
425471, 425473
425519, 425521
425837, 425839
425987, 425989
426089, 426091
426161, 426163
426551, 426553
426707, 426709
426737, 426739
426761, 426763
426917, 426919
426971, 426973
427067, 427069
427079, 427081
427241, 427243
427247, 427249
427307, 427309
427379, 427381
427421, 427423
427619, 427621
427787, 427789
427877, 427879
427949, 427951
427967, 427969
427991, 427993
428039, 428041
428147, 428149
428249, 428251
428297, 428299
428471, 428473
428567, 428569
428807, 428809
429137, 429139
429281, 429283
429347, 429349
429467, 429469
429509, 429511
429587, 429589
429659, 429661
429677, 429679
429731, 429733
429851, 429853
429887, 429889
429899, 429901
429929, 429931
429971, 429973
430007, 430009
430091, 430093
430277, 430279
430511, 430513
430601, 430603
430697, 430699
430739, 430741
430751, 430753
430907, 430909
430979, 430981
431267, 431269
431447, 431449
431657, 431659
431729, 431731
431801, 431803
431831, 431833
431867, 431869
432137, 432139
432161, 432163
432389, 432391
432557, 432559
432587, 432589
432659, 432661
432797, 432799
432959, 432961
433049, 433051
433259, 433261
433469, 433471
433661, 433663
433679, 433681
433859, 433861
434009, 434011
434111, 434113
434387, 434389
434459, 434461
434561, 434563
434717, 434719
434921, 434923
435107, 435109
435179, 435181
435221, 435223
435401, 435403
435437, 435439
435569, 435571
435647, 435649
435731, 435733
435857, 435859
435947, 435949
436307, 436309
436481, 436483
436529, 436531
436547, 436549
436649, 436651
436727, 436729
436739, 436741
437111, 437113
437387, 437389
437471, 437473
437651, 437653
438047, 438049
438131, 438133
438521, 438523
438827, 438829
439007, 439009
439427, 439429
440177, 440179
440441, 440443
440507, 440509
440549, 440551
440567, 440569
440579, 440581
440651, 440653
440681, 440683
440807, 440809
440939, 440941
440987, 440989
441041, 441043
441107, 441109
441191, 441193
441359, 441361
441797, 441799
441827, 441829
441839, 441841
442007, 442009
442031, 442033
442397, 442399
442487, 442489
442499, 442501
442571, 442573
442577, 442579
442829, 442831
442961, 442963
443039, 443041
443057, 443059
443159, 443161
443291, 443293
443561, 443563
443687, 443689
443759, 443761
443867, 443869
443879, 443881
443939, 443941
443999, 444001
444179, 444181
444287, 444289
444341, 444343
444347, 444349
444401, 444403
444461, 444463
444527, 444529
444791, 444793
445019, 445021
445031, 445033
445631, 445633
445769, 445771
445967, 445969
446189, 446191
446261, 446263
446387, 446389
446399, 446401
446891, 446893
446909, 446911
447257, 447259
447449, 447451
447569, 447571
447701, 447703
447791, 447793
447827, 447829
448139, 448141
448157, 448159
448631, 448633
448871, 448873
448997, 448999
449129, 449131
449171, 449173
449201, 449203
449261, 449263
449417, 449419
449567, 449569
449987, 449989
450101, 450103
450257, 450259
450299, 450301
450479, 450481
450599, 450601
450641, 450643
450797, 450799
450809, 450811
450839, 450841
450881, 450883
451181, 451183
451277, 451279
451301, 451303
451439, 451441
451667, 451669
451679, 451681
451901, 451903
451937, 451939
452159, 452161
452519, 452521
452531, 452533
452537, 452539
452687, 452689
453197, 453199
453377, 453379
453569, 453571
453599, 453601
453641, 453643
453707, 453709
453797, 453799
454031, 454033
454061, 454063
454211, 454213
454229, 454231
454451, 454453
454541, 454543
454577, 454579
454709, 454711
454721, 454723
454847, 454849
454889, 454891
454919, 454921
454967, 454969
455261, 455263
455339, 455341
455471, 455473
455489, 455491
455597, 455599
455681, 455683
456107, 456109
456149, 456151
456557, 456559
456611, 456613
456647, 456649
456767, 456769
456809, 456811
456899, 456901
457001, 457003
457097, 457099
457151, 457153
457277, 457279
457397, 457399
457607, 457609
457979, 457981
458189, 458191
458399, 458401
458531, 458533
458567, 458569
458789, 458791
458957, 458959
459029, 459031
459089, 459091
459167, 459169
459341, 459343
459467, 459469
459521, 459523
459647, 459649
460079, 460081
460709, 460711
460841, 460843
460949, 460951
460979, 460981
461009, 461011
461051, 461053
461297, 461299
461411, 461413
461441, 461443
461687, 461689
461801, 461803
462419, 462421
462491, 462493
462569, 462571
462641, 462643
462899, 462901
463031, 463033
463247, 463249
463319, 463321
463451, 463453
463457, 463459
463511, 463513
463829, 463831
463889, 463891
463919, 463921
464129, 464131
464141, 464143
464171, 464173
464279, 464281
464309, 464311
464381, 464383
464537, 464539
464747, 464749
464771, 464773
464801, 464803
464939, 464941
464951, 464953
465011, 465013
465077, 465079
465161, 465163
465167, 465169
465209, 465211
465317, 465319
465797, 465799
465929, 465931
466181, 466183
466649, 466651
467081, 467083
467237, 467239
467471, 467473
467477, 467479
467627, 467629
467669, 467671
467867, 467869
467879, 467881
467897, 467899
468107, 468109
468239, 468241
468491, 468493
468737, 468739
468887, 468889
469367, 469369
469541, 469543
469877, 469879
470081, 470083
470087, 470089
470207, 470209
470297, 470299
470411, 470413
470471, 470473
470597, 470599
470651, 470653
470957, 470959
471089, 471091
471137, 471139
471281, 471283
471299, 471301
471389, 471391
471617, 471619
471671, 471673
471719, 471721
471929, 471931
472247, 472249
472331, 472333
472391, 472393
472541, 472543
472559, 472561
472709, 472711
472907, 472909
472937, 472939
473201, 473203
473351, 473353
473381, 473383
473441, 473443
473477, 473479
473531, 473533
473741, 473743
473927, 473929
473951, 473953
474389, 474391
474497, 474499
474569, 474571
474581, 474583
474707, 474709
474809, 474811
475091, 475093
475271, 475273
475331, 475333
475367, 475369
475379, 475381
475427, 475429
475619, 475621
475637, 475639
475679, 475681
475691, 475693
475751, 475753
475877, 475879
476027, 476029
476039, 476041
476087, 476089
476477, 476479
476681, 476683
476849, 476851
477011, 477013
477017, 477019
477359, 477361
477551, 477553
477767, 477769
477809, 477811
477821, 477823
478067, 478069
478169, 478171
478241, 478243
478271, 478273
478451, 478453
478481, 478483
478571, 478573
478727, 478729
478739, 478741
478811, 478813
479027, 479029
479189, 479191
479429, 479431
479879, 479881
479951, 479953
480017, 480019
480047, 480049
480059, 480061
480167, 480169
480341, 480343
480449, 480451
480461, 480463
481001, 481003
481301, 481303
481697, 481699
481751, 481753
481847, 481849
482099, 482101
482231, 482233
482399, 482401
482507, 482509
482687, 482689
482717, 482719
482861, 482863
482897, 482899
483209, 483211
483407, 483409
483809, 483811
483827, 483829
484151, 484153
484301, 484303
484457, 484459
484487, 484489
484607, 484609
485207, 485209
485729, 485731
485831, 485833
486041, 486043
486179, 486181
486221, 486223
486329, 486331
486377, 486379
486389, 486391
486509, 486511
486641, 486643
486677, 486679
486767, 486769
486947, 486949
487049, 487051
487211, 487213
487427, 487429
487469, 487471
487601, 487603
487649, 487651
487829, 487831
487889, 487891
488009, 488011
488207, 488209
488231, 488233
488261, 488263
488309, 488311
488399, 488401
488417, 488419
488639, 488641
488687, 488689
489239, 489241
489407, 489409
489551, 489553
489677, 489679
489689, 489691
489791, 489793
489869, 489871
489911, 489913
489941, 489943
489959, 489961
490001, 490003
490031, 490033
490247, 490249
490541, 490543
490571, 490573
490577, 490579
490661, 490663
490769, 490771
490949, 490951
490967, 490969
490991, 490993
491039, 491041
491081, 491083
491297, 491299
491327, 491329
491339, 491341
491501, 491503
491537, 491539
491591, 491593
491651, 491653
492059, 492061
492251, 492253
492617, 492619
492629, 492631
492671, 492673
492719, 492721
492761, 492763
493109, 493111
493121, 493123
493217, 493219
493277, 493279
493397, 493399
493709, 493711
493811, 493813
493937, 493939
494267, 494269
494381, 494383
494441, 494443
494519, 494521
494561, 494563
494759, 494761
495041, 495043
495149, 495151
495359, 495361
495557, 495559
495569, 495571
495587, 495589
495611, 495613
495617, 495619
495749, 495751
495797, 495799
495827, 495829
496229, 496231
496289, 496291
496889, 496891
496997, 496999
497111, 497113
497279, 497281
497507, 497509
497771, 497773
497867, 497869
498101, 498103
498257, 498259
498401, 498403
498467, 498469
498521, 498523
498611, 498613
498689, 498691
498779, 498781
498857, 498859
499127, 499129
499139, 499141
499157, 499159
499181, 499183
499361, 499363
499481, 499483
499661, 499663
499691, 499693
